#multi:
;masa A;;masa B;;masa C;;masa D;;masa E;;
t;x;y;x;y;x;y;x;y;x;y;
0.000000E0;6.469560E-5;4.496064E-5;6.450791E-5;4.493563E-5;6.455237E-5;4.469594E-5;6.477330E-5;4.473426E-5;6.462932E-5;4.484611E-5
6.666222E-2;6.469126E-5;4.497788E-5;6.450338E-5;4.495431E-5;6.454800E-5;4.471334E-5;6.476984E-5;4.475154E-5;6.462651E-5;4.486236E-5
1.333244E-1;6.468188E-5;4.497659E-5;6.449378E-5;4.495158E-5;6.453894E-5;4.471125E-5;6.476029E-5;4.475078E-5;6.461734E-5;4.486128E-5
1.999867E-1;6.470668E-5;4.495795E-5;6.451801E-5;4.493293E-5;6.456260E-5;4.469352E-5;6.478422E-5;4.473244E-5;6.464166E-5;4.484204E-5
2.666489E-1;6.468857E-5;4.496791E-5;6.450101E-5;4.494104E-5;6.454456E-5;4.470418E-5;6.476545E-5;4.474279E-5;6.462257E-5;4.485307E-5
3.333111E-1;6.470357E-5;4.496075E-5;6.451684E-5;4.493646E-5;6.456002E-5;4.469708E-5;6.478295E-5;4.473820E-5;6.463968E-5;4.484671E-5
3.999733E-1;6.470803E-5;4.495472E-5;6.451958E-5;4.493156E-5;6.456452E-5;4.468991E-5;6.478634E-5;4.473018E-5;6.464251E-5;4.484086E-5
4.666356E-1;6.470491E-5;4.495712E-5;6.451623E-5;4.493026E-5;6.456076E-5;4.469316E-5;6.478101E-5;4.473158E-5;6.463775E-5;4.484263E-5
5.332978E-1;6.470011E-5;4.496507E-5;6.451174E-5;4.494142E-5;6.455556E-5;4.470062E-5;6.477791E-5;4.473960E-5;6.463504E-5;4.485052E-5
5.999600E-1;6.468589E-5;4.497105E-5;6.449672E-5;4.494408E-5;6.454212E-5;4.470672E-5;6.476550E-5;4.474404E-5;6.462149E-5;4.485600E-5
6.666222E-1;6.470298E-5;4.497455E-5;6.451585E-5;4.495029E-5;6.455934E-5;4.471049E-5;6.478327E-5;4.475022E-5;6.463967E-5;4.486042E-5
7.332844E-1;6.469513E-5;4.496551E-5;6.450762E-5;4.494146E-5;6.455155E-5;4.470143E-5;6.477467E-5;4.473825E-5;6.463071E-5;4.485041E-5
7.999467E-1;6.469799E-5;4.497135E-5;6.451062E-5;4.494623E-5;6.455470E-5;4.470701E-5;6.477585E-5;4.474624E-5;6.463322E-5;4.485717E-5
8.666089E-1;6.470509E-5;4.495917E-5;6.451806E-5;4.493429E-5;6.456143E-5;4.469453E-5;6.478440E-5;4.473327E-5;6.463959E-5;4.484605E-5
9.332711E-1;6.468538E-5;4.498188E-5;6.449521E-5;4.495648E-5;6.454228E-5;4.471783E-5;6.476237E-5;4.475629E-5;6.461948E-5;4.486729E-5
9.999333E-1;6.469809E-5;4.497742E-5;6.451051E-5;4.495215E-5;6.455446E-5;4.471271E-5;6.477595E-5;4.475077E-5;6.463291E-5;4.486343E-5
1.066596E0;6.471239E-5;4.496271E-5;6.452468E-5;4.493849E-5;6.456856E-5;4.469788E-5;6.479070E-5;4.473634E-5;6.464675E-5;4.484792E-5
1.133258E0;6.469538E-5;4.496425E-5;6.450902E-5;4.493946E-5;6.455207E-5;4.469992E-5;6.477311E-5;4.473802E-5;6.462972E-5;4.484905E-5
1.199920E0;6.469035E-5;4.496133E-5;6.450272E-5;4.493377E-5;6.454690E-5;4.469672E-5;6.476698E-5;4.473638E-5;6.462280E-5;4.484730E-5
1.266582E0;6.470586E-5;4.496483E-5;6.452053E-5;4.494199E-5;6.456286E-5;4.470047E-5;6.478336E-5;4.473655E-5;6.463986E-5;4.484953E-5
1.333244E0;6.471498E-5;4.495321E-5;6.452502E-5;4.493061E-5;6.457102E-5;4.468919E-5;6.479207E-5;4.472807E-5;6.464995E-5;4.483743E-5
1.399907E0;6.469745E-5;4.495940E-5;6.451104E-5;4.493334E-5;6.455411E-5;4.469509E-5;6.477468E-5;4.473206E-5;6.463180E-5;4.484400E-5
1.466569E0;6.470903E-5;4.496223E-5;6.452231E-5;4.493632E-5;6.456566E-5;4.469769E-5;6.478659E-5;4.473820E-5;6.464305E-5;4.484863E-5
1.533231E0;6.470138E-5;4.496734E-5;6.451350E-5;4.494146E-5;6.455801E-5;4.470292E-5;6.477905E-5;4.473871E-5;6.463517E-5;4.485191E-5
1.599893E0;6.468790E-5;4.496364E-5;6.450173E-5;4.493500E-5;6.454466E-5;4.469940E-5;6.476587E-5;4.473735E-5;6.462206E-5;4.484953E-5
1.666556E0;6.470110E-5;4.497261E-5;6.451257E-5;4.494821E-5;6.455692E-5;4.470815E-5;6.477991E-5;4.474710E-5;6.463598E-5;4.485853E-5
1.733218E0;6.468495E-5;4.497754E-5;6.449803E-5;4.495031E-5;6.454078E-5;4.471357E-5;6.476141E-5;4.475106E-5;6.461961E-5;4.486279E-5
1.799880E0;6.469280E-5;4.498775E-5;6.450478E-5;4.496228E-5;6.454927E-5;4.472295E-5;6.476993E-5;4.476307E-5;6.462658E-5;4.487425E-5
1.866542E0;6.469424E-5;4.495640E-5;6.450601E-5;4.493102E-5;6.455037E-5;4.469128E-5;6.477067E-5;4.473354E-5;6.462806E-5;4.484244E-5
1.933204E0;6.471162E-5;4.497246E-5;6.452271E-5;4.494606E-5;6.456781E-5;4.470772E-5;6.479046E-5;4.474397E-5;6.464518E-5;4.485588E-5
1.999867E0;6.469514E-5;4.496023E-5;6.450728E-5;4.493483E-5;6.455185E-5;4.469657E-5;6.477319E-5;4.473341E-5;6.462915E-5;4.484532E-5
2.066529E0;6.470679E-5;4.495597E-5;6.452017E-5;4.492937E-5;6.456317E-5;4.469201E-5;6.478340E-5;4.473193E-5;6.464008E-5;4.484220E-5
2.133191E0;6.468472E-5;4.496737E-5;6.449834E-5;4.494165E-5;6.454094E-5;4.470261E-5;6.476343E-5;4.474067E-5;6.461914E-5;4.485271E-5
2.199853E0;6.469690E-5;4.496279E-5;6.450900E-5;4.493763E-5;6.455367E-5;4.469788E-5;6.477517E-5;4.473789E-5;6.463134E-5;4.484816E-5
2.266516E0;6.471970E-5;4.495336E-5;6.453021E-5;4.492958E-5;6.457630E-5;4.468981E-5;6.479785E-5;4.472796E-5;6.465486E-5;4.483869E-5
2.333178E0;6.470992E-5;4.494885E-5;6.452144E-5;4.492684E-5;6.456567E-5;4.468505E-5;6.478920E-5;4.472323E-5;6.464576E-5;4.483386E-5
2.399840E0;6.468675E-5;4.496541E-5;6.449850E-5;4.494201E-5;6.454265E-5;4.470146E-5;6.476658E-5;4.473662E-5;6.462304E-5;4.484972E-5
2.466502E0;6.467891E-5;4.497897E-5;6.449298E-5;4.495160E-5;6.453578E-5;4.471409E-5;6.475680E-5;4.475213E-5;6.461313E-5;4.486427E-5
2.533164E0;6.470411E-5;4.496875E-5;6.451499E-5;4.494207E-5;6.456103E-5;4.470451E-5;6.478279E-5;4.474439E-5;6.463889E-5;4.485438E-5
2.599827E0;6.469223E-5;4.496212E-5;6.450489E-5;4.493712E-5;6.454892E-5;4.469784E-5;6.476927E-5;4.473503E-5;6.462627E-5;4.484708E-5
2.666489E0;6.467832E-5;4.496793E-5;6.449286E-5;4.494267E-5;6.453438E-5;4.470381E-5;6.475474E-5;4.474271E-5;6.461252E-5;4.485276E-5
2.733151E0;6.468093E-5;4.496561E-5;6.449370E-5;4.493920E-5;6.453731E-5;4.470103E-5;6.475855E-5;4.474125E-5;6.461499E-5;4.485175E-5
2.799813E0;6.468473E-5;4.496760E-5;6.449837E-5;4.494139E-5;6.454131E-5;4.470310E-5;6.476224E-5;4.474299E-5;6.461900E-5;4.485422E-5
2.866476E0;6.469499E-5;4.495481E-5;6.450517E-5;4.492955E-5;6.455075E-5;4.469030E-5;6.477484E-5;4.472966E-5;6.463134E-5;4.484031E-5
2.933138E0;6.471799E-5;4.493910E-5;6.452778E-5;4.491864E-5;6.457401E-5;4.467486E-5;6.479647E-5;4.471420E-5;6.465253E-5;4.482586E-5
2.999800E0;6.469270E-5;4.496608E-5;6.450565E-5;4.494089E-5;6.454913E-5;4.470155E-5;6.476897E-5;4.473839E-5;6.462628E-5;4.485080E-5
3.066462E0;6.468317E-5;4.496659E-5;6.449825E-5;4.494022E-5;6.453994E-5;4.470238E-5;6.476162E-5;4.474283E-5;6.461745E-5;4.485285E-5
3.133124E0;6.468523E-5;4.497338E-5;6.449829E-5;4.494564E-5;6.454180E-5;4.470910E-5;6.476361E-5;4.474916E-5;6.461960E-5;4.486013E-5
3.199787E0;6.469568E-5;4.496468E-5;6.450805E-5;4.493857E-5;6.455188E-5;4.470020E-5;6.477407E-5;4.473723E-5;6.463059E-5;4.484950E-5
3.266449E0;6.470575E-5;4.496314E-5;6.451583E-5;4.493904E-5;6.456190E-5;4.469872E-5;6.478417E-5;4.473983E-5;6.464090E-5;4.484941E-5
3.333111E0;6.467753E-5;4.497355E-5;6.448977E-5;4.494751E-5;6.453359E-5;4.470866E-5;6.475370E-5;4.474791E-5;6.461078E-5;4.486002E-5
3.399773E0;6.469155E-5;4.496176E-5;6.450632E-5;4.493545E-5;6.454772E-5;4.469729E-5;6.477026E-5;4.473523E-5;6.462614E-5;4.484698E-5
3.466436E0;6.469244E-5;4.497086E-5;6.450564E-5;4.494542E-5;6.454922E-5;4.470624E-5;6.477030E-5;4.474391E-5;6.462668E-5;4.485570E-5
3.533098E0;6.469290E-5;4.497172E-5;6.450459E-5;4.494641E-5;6.454903E-5;4.470781E-5;6.477286E-5;4.474691E-5;6.462813E-5;4.485745E-5
3.599760E0;6.470046E-5;4.495790E-5;6.451240E-5;4.493266E-5;6.455696E-5;4.469349E-5;6.477698E-5;4.473252E-5;6.463400E-5;4.484343E-5
3.666422E0;6.467924E-5;4.496814E-5;6.449255E-5;4.494316E-5;6.453520E-5;4.470347E-5;6.475746E-5;4.474112E-5;6.461329E-5;4.485349E-5
3.733084E0;6.467706E-5;4.496308E-5;6.448946E-5;4.493813E-5;6.453318E-5;4.469879E-5;6.475577E-5;4.473737E-5;6.461277E-5;4.484804E-5
3.799747E0;6.470454E-5;4.496562E-5;6.451566E-5;4.494270E-5;6.456114E-5;4.470092E-5;6.478322E-5;4.473866E-5;6.463940E-5;4.485031E-5
3.866409E0;6.470510E-5;4.496937E-5;6.451705E-5;4.494327E-5;6.456140E-5;4.470482E-5;6.478610E-5;4.474405E-5;6.464224E-5;4.485468E-5
3.933071E0;6.470482E-5;4.495908E-5;6.451545E-5;4.493553E-5;6.456068E-5;4.469459E-5;6.478506E-5;4.473249E-5;6.464152E-5;4.484434E-5
3.999733E0;6.469778E-5;4.495654E-5;6.450901E-5;4.493170E-5;6.455387E-5;4.469252E-5;6.477432E-5;4.473130E-5;6.463128E-5;4.484271E-5
4.066396E0;6.470317E-5;4.496748E-5;6.451496E-5;4.494174E-5;6.455984E-5;4.470339E-5;6.478259E-5;4.474386E-5;6.463909E-5;4.485365E-5
4.133058E0;6.470346E-5;4.495350E-5;6.451552E-5;4.492689E-5;6.455973E-5;4.468929E-5;6.478086E-5;4.473043E-5;6.463770E-5;4.484064E-5
4.199720E0;6.468516E-5;4.496189E-5;6.449868E-5;4.493542E-5;6.454143E-5;4.469736E-5;6.476401E-5;4.473654E-5;6.462065E-5;4.484730E-5
4.266382E0;6.469010E-5;4.497652E-5;6.450202E-5;4.495177E-5;6.454633E-5;4.471168E-5;6.476816E-5;4.475019E-5;6.462487E-5;4.486116E-5
4.333044E0;6.470037E-5;4.496355E-5;6.451212E-5;4.493926E-5;6.455709E-5;4.469890E-5;6.477779E-5;4.473707E-5;6.463404E-5;4.484927E-5
4.399707E0;6.469874E-5;4.495927E-5;6.451116E-5;4.493430E-5;6.455520E-5;4.469492E-5;6.477648E-5;4.473151E-5;6.463227E-5;4.484443E-5
4.466369E0;6.468444E-5;4.495994E-5;6.449968E-5;4.493317E-5;6.454025E-5;4.469595E-5;6.476389E-5;4.473342E-5;6.461990E-5;4.484505E-5
4.533031E0;6.469049E-5;4.496674E-5;6.450173E-5;4.494004E-5;6.454676E-5;4.470214E-5;6.476724E-5;4.474101E-5;6.462431E-5;4.485204E-5
4.599693E0;6.468247E-5;4.496106E-5;6.449548E-5;4.493518E-5;6.453904E-5;4.469632E-5;6.476070E-5;4.473594E-5;6.461585E-5;4.484689E-5
4.666356E0;6.470584E-5;4.495340E-5;6.451769E-5;4.492895E-5;6.456178E-5;4.468937E-5;6.478579E-5;4.472623E-5;6.464144E-5;4.483867E-5
4.733018E0;6.469059E-5;4.497156E-5;6.450322E-5;4.494585E-5;6.454732E-5;4.470704E-5;6.476782E-5;4.474588E-5;6.462426E-5;4.485743E-5
4.799680E0;6.469976E-5;4.495203E-5;6.451014E-5;4.492793E-5;6.455582E-5;4.468756E-5;6.477794E-5;4.472482E-5;6.463442E-5;4.483709E-5
4.866342E0;6.468507E-5;4.496194E-5;6.449616E-5;4.493695E-5;6.454114E-5;4.469758E-5;6.476296E-5;4.473710E-5;6.461940E-5;4.484791E-5
4.933004E0;6.469278E-5;4.495793E-5;6.450490E-5;4.493226E-5;6.454937E-5;4.469366E-5;6.477202E-5;4.473198E-5;6.462768E-5;4.484345E-5
4.999667E0;6.469094E-5;4.497335E-5;6.450209E-5;4.494693E-5;6.454665E-5;4.470911E-5;6.476858E-5;4.474817E-5;6.462541E-5;4.485882E-5
5.066329E0;6.469164E-5;4.496527E-5;6.450459E-5;4.494040E-5;6.454793E-5;4.470102E-5;6.476960E-5;4.473916E-5;6.462580E-5;4.485078E-5
5.132991E0;6.472221E-5;4.494822E-5;6.453065E-5;4.492795E-5;6.457801E-5;4.468461E-5;6.479865E-5;4.472784E-5;6.465577E-5;4.483512E-5
5.199653E0;6.471772E-5;4.491425E-5;6.452563E-5;4.489247E-5;6.457450E-5;4.464964E-5;6.479387E-5;4.469079E-5;6.465106E-5;4.479996E-5
5.266316E0;6.470144E-5;4.497741E-5;6.451308E-5;4.495503E-5;6.455800E-5;4.471359E-5;6.477964E-5;4.475006E-5;6.463588E-5;4.486273E-5
5.332978E0;6.467548E-5;4.497971E-5;6.448783E-5;4.495154E-5;6.453167E-5;4.471540E-5;6.475251E-5;4.475444E-5;6.460948E-5;4.486557E-5
5.399640E0;6.468571E-5;4.497540E-5;6.449801E-5;4.494703E-5;6.454150E-5;4.471105E-5;6.476436E-5;4.474931E-5;6.462068E-5;4.486081E-5
5.466302E0;6.469145E-5;4.497337E-5;6.450335E-5;4.494832E-5;6.454770E-5;4.470895E-5;6.477081E-5;4.474720E-5;6.462677E-5;4.485942E-5
5.532964E0;6.466888E-5;4.498785E-5;6.448172E-5;4.496350E-5;6.452647E-5;4.472291E-5;6.474593E-5;4.475958E-5;6.460253E-5;4.487174E-5
5.599627E0;6.468037E-5;4.496882E-5;6.449280E-5;4.494325E-5;6.453602E-5;4.470441E-5;6.476121E-5;4.474294E-5;6.461794E-5;4.485318E-5
5.666289E0;6.468928E-5;4.496597E-5;6.450129E-5;4.494016E-5;6.454530E-5;4.470177E-5;6.477022E-5;4.473936E-5;6.462542E-5;4.485078E-5
5.732951E0;6.469806E-5;4.495278E-5;6.451212E-5;4.492825E-5;6.455408E-5;4.468874E-5;6.477720E-5;4.472630E-5;6.463410E-5;4.483734E-5
5.799613E0;6.469858E-5;4.496008E-5;6.451254E-5;4.493311E-5;6.455493E-5;4.469566E-5;6.477656E-5;4.473450E-5;6.463248E-5;4.484634E-5
5.866276E0;6.467955E-5;4.497233E-5;6.449129E-5;4.494667E-5;6.453668E-5;4.470801E-5;6.475810E-5;4.474764E-5;6.461438E-5;4.485819E-5
5.932938E0;6.473031E-5;4.496623E-5;6.453877E-5;4.494180E-5;6.458641E-5;4.470156E-5;6.480882E-5;4.474273E-5;6.466565E-5;4.485103E-5
5.999600E0;6.470642E-5;4.495266E-5;6.451598E-5;4.492973E-5;6.456162E-5;4.468853E-5;6.478622E-5;4.472826E-5;6.464293E-5;4.483867E-5
6.066262E0;6.469101E-5;4.497164E-5;6.450812E-5;4.494671E-5;6.454787E-5;4.470753E-5;6.477166E-5;4.474378E-5;6.462779E-5;4.485589E-5
6.132924E0;6.469257E-5;4.496751E-5;6.450467E-5;4.494364E-5;6.454882E-5;4.470326E-5;6.477260E-5;4.474359E-5;6.462866E-5;4.485438E-5
6.199587E0;6.470058E-5;4.496041E-5;6.451170E-5;4.493453E-5;6.455664E-5;4.469649E-5;6.478082E-5;4.473498E-5;6.463653E-5;4.484559E-5
6.266249E0;6.470100E-5;4.496805E-5;6.451539E-5;4.494302E-5;6.455796E-5;4.470373E-5;6.478106E-5;4.474133E-5;6.463738E-5;4.485307E-5
6.332911E0;6.470625E-5;4.496399E-5;6.451866E-5;4.494041E-5;6.456301E-5;4.469931E-5;6.478487E-5;4.473847E-5;6.464067E-5;4.484952E-5
6.399573E0;6.472182E-5;4.482491E-5;6.453112E-5;4.488293E-5;6.457955E-5;4.463736E-5;6.480063E-5;4.455463E-5;6.465784E-5;4.466793E-5
6.466236E0;6.471593E-5;4.486628E-5;6.452317E-5;4.490001E-5;6.457234E-5;4.465730E-5;6.479517E-5;4.454437E-5;6.465154E-5;4.465557E-5
6.532898E0;6.469822E-5;4.491380E-5;6.450824E-5;4.493113E-5;6.455394E-5;4.469127E-5;6.477533E-5;4.468331E-5;6.463284E-5;4.479416E-5
6.599560E0;6.470114E-5;4.493546E-5;6.451221E-5;4.493419E-5;6.455749E-5;4.469369E-5;6.477899E-5;4.470664E-5;6.463540E-5;4.481737E-5
6.666222E0;6.469412E-5;4.497022E-5;6.450559E-5;4.495241E-5;6.454995E-5;4.471349E-5;6.477223E-5;4.473458E-5;6.462914E-5;4.484641E-5
6.732884E0;6.469516E-5;4.494496E-5;6.450507E-5;4.492841E-5;6.455012E-5;4.469104E-5;6.477491E-5;4.471681E-5;6.463143E-5;4.482797E-5
6.799547E0;6.467958E-5;4.498390E-5;6.449360E-5;4.495830E-5;6.453557E-5;4.472227E-5;6.475985E-5;4.475378E-5;6.461584E-5;4.486180E-5
6.866209E0;6.469724E-5;4.496283E-5;6.451037E-5;4.494418E-5;6.455446E-5;4.470312E-5;6.477539E-5;4.473747E-5;6.463088E-5;4.484710E-5
6.932871E0;6.468810E-5;4.498537E-5;6.450172E-5;4.496016E-5;6.454437E-5;4.472274E-5;6.476536E-5;4.475517E-5;6.462224E-5;4.486787E-5
6.999533E0;6.468796E-5;4.498108E-5;6.449907E-5;4.495451E-5;6.454468E-5;4.471832E-5;6.476866E-5;4.475478E-5;6.462417E-5;4.486531E-5
7.066196E0;6.467752E-5;4.496771E-5;6.449173E-5;4.494175E-5;6.453321E-5;4.470446E-5;6.475720E-5;4.474162E-5;6.461284E-5;4.485143E-5
7.132858E0;6.468940E-5;4.496996E-5;6.450171E-5;4.494573E-5;6.454555E-5;4.470606E-5;6.477011E-5;4.474097E-5;6.462514E-5;4.485395E-5
7.199520E0;6.470046E-5;4.495507E-5;6.451195E-5;4.493014E-5;6.455707E-5;4.469158E-5;6.477994E-5;4.472890E-5;6.463564E-5;4.484002E-5
7.266182E0;6.469143E-5;4.496860E-5;6.450447E-5;4.494269E-5;6.454842E-5;4.470476E-5;6.476974E-5;4.474182E-5;6.462585E-5;4.485381E-5
7.332844E0;6.467951E-5;4.496483E-5;6.449376E-5;4.493888E-5;6.453569E-5;4.470065E-5;6.475760E-5;4.473983E-5;6.461378E-5;4.484974E-5
7.399507E0;6.469627E-5;4.496817E-5;6.450784E-5;4.494223E-5;6.455208E-5;4.470361E-5;6.477486E-5;4.474030E-5;6.463165E-5;4.485265E-5
7.466169E0;6.469514E-5;4.495345E-5;6.450795E-5;4.492795E-5;6.455154E-5;4.469018E-5;6.477409E-5;4.472946E-5;6.463010E-5;4.483965E-5
7.532831E0;6.469322E-5;4.496045E-5;6.450564E-5;4.493443E-5;6.454938E-5;4.469647E-5;6.477099E-5;4.473637E-5;6.462731E-5;4.484694E-5
7.599493E0;6.471798E-5;4.496401E-5;6.452940E-5;4.493832E-5;6.457386E-5;4.469899E-5;6.479669E-5;4.474181E-5;6.465358E-5;4.485029E-5
7.666156E0;6.472058E-5;4.494580E-5;6.453117E-5;4.492368E-5;6.457656E-5;4.468159E-5;6.479804E-5;4.472245E-5;6.465447E-5;4.483234E-5
7.732818E0;6.472437E-5;4.490297E-5;6.453011E-5;4.488429E-5;6.458124E-5;4.463874E-5;6.479811E-5;4.455465E-5;6.465349E-5;4.466806E-5
7.799480E0;6.470888E-5;4.496336E-5;6.451803E-5;4.494007E-5;6.456496E-5;4.469910E-5;6.478695E-5;4.471733E-5;6.464370E-5;4.482888E-5
7.866142E0;6.469107E-5;4.498790E-5;6.450304E-5;4.496293E-5;6.454668E-5;4.472368E-5;6.477067E-5;4.474916E-5;6.462758E-5;4.485936E-5
7.932804E0;6.470718E-5;4.495660E-5;6.451825E-5;4.493436E-5;6.456360E-5;4.469286E-5;6.478653E-5;4.471936E-5;6.464254E-5;4.483156E-5
7.999467E0;6.467416E-5;4.498505E-5;6.448795E-5;4.495926E-5;6.453151E-5;4.472069E-5;6.475334E-5;4.475494E-5;6.460937E-5;4.486478E-5
8.066129E0;6.468651E-5;4.496390E-5;6.449648E-5;4.493760E-5;6.454274E-5;4.469904E-5;6.476583E-5;4.473138E-5;6.462214E-5;4.484289E-5
8.132791E0;6.468960E-5;4.496216E-5;6.450547E-5;4.493573E-5;6.454619E-5;4.469848E-5;6.476971E-5;4.473447E-5;6.462516E-5;4.484537E-5
8.199453E0;6.469755E-5;4.496305E-5;6.451041E-5;4.493476E-5;6.455423E-5;4.469829E-5;6.477622E-5;4.473575E-5;6.463269E-5;4.484743E-5
8.266116E0;6.468047E-5;4.497004E-5;6.449454E-5;4.494388E-5;6.453726E-5;4.470574E-5;6.475811E-5;4.474227E-5;6.461457E-5;4.485387E-5
8.332778E0;6.468947E-5;4.496594E-5;6.450170E-5;4.493862E-5;6.454604E-5;4.470143E-5;6.476918E-5;4.473604E-5;6.462564E-5;4.484820E-5
8.399440E0;6.467972E-5;4.498089E-5;6.449207E-5;4.495296E-5;6.453654E-5;4.471616E-5;6.475816E-5;4.475363E-5;6.461463E-5;4.486450E-5
8.466102E0;6.468502E-5;4.496863E-5;6.449716E-5;4.494264E-5;6.454164E-5;4.470418E-5;6.476200E-5;4.474219E-5;6.461832E-5;4.485354E-5
8.532764E0;6.468757E-5;4.497156E-5;6.449910E-5;4.494522E-5;6.454317E-5;4.470686E-5;6.476679E-5;4.474585E-5;6.462267E-5;4.485683E-5
8.599427E0;6.468180E-5;4.497077E-5;6.449394E-5;4.494484E-5;6.453828E-5;4.470643E-5;6.475977E-5;4.474542E-5;6.461582E-5;4.485627E-5
8.666089E0;6.470183E-5;4.496355E-5;6.451062E-5;4.494010E-5;6.455711E-5;4.469898E-5;6.478042E-5;4.473778E-5;6.463712E-5;4.484885E-5
8.732751E0;6.468840E-5;4.497324E-5;6.450164E-5;4.494860E-5;6.454496E-5;4.470885E-5;6.476730E-5;4.474667E-5;6.462351E-5;4.485889E-5
8.799413E0;6.469592E-5;4.495913E-5;6.450808E-5;4.493367E-5;6.455245E-5;4.469486E-5;6.477342E-5;4.473318E-5;6.462953E-5;4.484489E-5
8.866076E0;6.471550E-5;4.494044E-5;6.452736E-5;4.491811E-5;6.457192E-5;4.467539E-5;6.479454E-5;4.471698E-5;6.465023E-5;4.482756E-5
8.932738E0;6.470355E-5;4.496215E-5;6.451558E-5;4.493422E-5;6.455959E-5;4.469805E-5;6.478133E-5;4.473733E-5;6.463756E-5;4.484889E-5
8.999400E0;6.469244E-5;4.496580E-5;6.450499E-5;4.494199E-5;6.454884E-5;4.470135E-5;6.477314E-5;4.473874E-5;6.462926E-5;4.485023E-5
9.066062E0;6.468771E-5;4.497992E-5;6.449811E-5;4.495373E-5;6.454394E-5;4.471561E-5;6.476660E-5;4.475192E-5;6.462334E-5;4.486363E-5
9.132724E0;6.469137E-5;4.496598E-5;6.450425E-5;4.494111E-5;6.454896E-5;4.470152E-5;6.476926E-5;4.473915E-5;6.462518E-5;4.485153E-5
9.199387E0;6.470866E-5;4.494511E-5;6.451880E-5;4.492203E-5;6.456476E-5;4.468151E-5;6.478529E-5;4.471893E-5;6.464294E-5;4.483055E-5
9.266049E0;6.473214E-5;4.475660E-5;6.454456E-5;4.473987E-5;6.458631E-5;4.449190E-5;6.481152E-5;4.452215E-5;6.466879E-5;4.463803E-5
9.332711E0;6.471120E-5;4.494345E-5;6.452160E-5;4.491879E-5;6.456777E-5;4.467888E-5;6.478888E-5;4.472213E-5;6.464515E-5;4.483089E-5
9.399373E0;6.468318E-5;4.497146E-5;6.449956E-5;4.494443E-5;6.453981E-5;4.470765E-5;6.476194E-5;4.474599E-5;6.461767E-5;4.485650E-5
9.466036E0;6.468673E-5;4.496723E-5;6.449970E-5;4.493957E-5;6.454380E-5;4.470278E-5;6.476524E-5;4.473899E-5;6.462159E-5;4.485201E-5
9.532698E0;6.469190E-5;4.497731E-5;6.450232E-5;4.495007E-5;6.454808E-5;4.471285E-5;6.477016E-5;4.475084E-5;6.462603E-5;4.486309E-5
9.599360E0;6.468281E-5;4.497062E-5;6.449452E-5;4.494401E-5;6.453953E-5;4.470571E-5;6.476040E-5;4.474443E-5;6.461648E-5;4.485683E-5
9.666022E0;6.470011E-5;4.496188E-5;6.451326E-5;4.493606E-5;6.455651E-5;4.469784E-5;6.478128E-5;4.473588E-5;6.463683E-5;4.484735E-5
9.732684E0;6.470138E-5;4.496941E-5;6.451379E-5;4.494395E-5;6.455765E-5;4.470498E-5;6.477982E-5;4.474295E-5;6.463620E-5;4.485538E-5
9.799347E0;6.469336E-5;4.497825E-5;6.450381E-5;4.495162E-5;6.455038E-5;4.471398E-5;6.477146E-5;4.475199E-5;6.462717E-5;4.486370E-5
9.866009E0;6.468323E-5;4.496787E-5;6.449639E-5;4.494356E-5;6.453944E-5;4.470382E-5;6.476109E-5;4.474079E-5;6.461692E-5;4.485295E-5
9.932671E0;6.470967E-5;4.495591E-5;6.451735E-5;4.493327E-5;6.456620E-5;4.469154E-5;6.478783E-5;4.472884E-5;6.464418E-5;4.484083E-5
9.999333E0;6.470366E-5;4.496799E-5;6.451232E-5;4.494335E-5;6.455975E-5;4.470499E-5;6.478035E-5;4.474348E-5;6.463778E-5;4.485389E-5
1.006600E1;6.468908E-5;4.496622E-5;6.450360E-5;4.493935E-5;6.454569E-5;4.470255E-5;6.476780E-5;4.474174E-5;6.462409E-5;4.485273E-5
1.013266E1;6.469083E-5;4.497766E-5;6.450237E-5;4.495147E-5;6.454687E-5;4.471334E-5;6.476868E-5;4.475198E-5;6.462427E-5;4.486298E-5
1.019932E1;6.468178E-5;4.496896E-5;6.449721E-5;4.494295E-5;6.453891E-5;4.470437E-5;6.475988E-5;4.474439E-5;6.461562E-5;4.485508E-5
1.026598E1;6.468512E-5;4.497674E-5;6.449799E-5;4.494954E-5;6.454092E-5;4.471259E-5;6.476466E-5;4.475216E-5;6.462058E-5;4.486234E-5
1.033264E1;6.469483E-5;4.497885E-5;6.450472E-5;4.495387E-5;6.455081E-5;4.471415E-5;6.477121E-5;4.475168E-5;6.462893E-5;4.486386E-5
1.039931E1;6.472532E-5;4.493991E-5;6.453255E-5;4.491836E-5;6.458160E-5;4.467561E-5;6.480314E-5;4.471203E-5;6.465951E-5;4.482458E-5
1.046597E1;6.471813E-5;4.476245E-5;6.452923E-5;4.474494E-5;6.457254E-5;4.449654E-5;6.480288E-5;4.453004E-5;6.465673E-5;4.464638E-5
1.053263E1;6.470293E-5;4.494610E-5;6.451210E-5;4.492075E-5;6.455900E-5;4.468167E-5;6.478234E-5;4.472371E-5;6.463793E-5;4.483410E-5
1.059929E1;6.471397E-5;4.477709E-5;6.452336E-5;4.488299E-5;6.456994E-5;4.451282E-5;6.479229E-5;4.468049E-5;6.465273E-5;4.466494E-5
1.066596E1;6.471104E-5;4.476792E-5;6.452341E-5;4.489458E-5;6.456657E-5;4.450332E-5;6.479201E-5;4.469216E-5;6.464862E-5;4.465168E-5
1.073262E1;6.470246E-5;4.491553E-5;6.451422E-5;4.493355E-5;6.456037E-5;4.464989E-5;6.477949E-5;4.473912E-5;6.463410E-5;4.480362E-5
1.079928E1;6.470847E-5;4.491028E-5;6.451773E-5;4.491727E-5;6.456472E-5;4.464464E-5;6.478467E-5;4.471905E-5;6.464104E-5;4.479683E-5
1.086594E1;6.470261E-5;4.496190E-5;6.451440E-5;4.495396E-5;6.455841E-5;4.469768E-5;6.478182E-5;4.475441E-5;6.463744E-5;4.484812E-5
1.093260E1;6.468982E-5;4.499087E-5;6.450117E-5;4.497542E-5;6.454591E-5;4.472632E-5;6.476919E-5;4.477809E-5;6.462455E-5;4.487808E-5
1.099927E1;6.470197E-5;4.492395E-5;6.451232E-5;4.490755E-5;6.455847E-5;4.466012E-5;6.478066E-5;4.470572E-5;6.463618E-5;4.480860E-5
1.106593E1;6.470981E-5;4.495277E-5;6.452249E-5;4.493607E-5;6.456633E-5;4.468890E-5;6.478793E-5;4.473235E-5;6.464399E-5;4.483706E-5
1.113259E1;6.470482E-5;4.497595E-5;6.451702E-5;4.495517E-5;6.456175E-5;4.471193E-5;6.478053E-5;4.475316E-5;6.463732E-5;4.486283E-5
1.119925E1;6.467879E-5;4.500711E-5;6.449221E-5;4.498387E-5;6.453546E-5;4.474273E-5;6.475730E-5;4.478509E-5;6.461389E-5;4.489505E-5
1.126592E1;6.467215E-5;4.499237E-5;6.448689E-5;4.496649E-5;6.452851E-5;4.472846E-5;6.474899E-5;4.476984E-5;6.460563E-5;4.487894E-5
1.133258E1;6.467980E-5;4.498194E-5;6.449308E-5;4.495610E-5;6.453654E-5;4.471740E-5;6.475693E-5;4.475622E-5;6.461374E-5;4.486752E-5
1.139924E1;6.466779E-5;4.497796E-5;6.447984E-5;4.495145E-5;6.452464E-5;4.471304E-5;6.474693E-5;4.475087E-5;6.460256E-5;4.486401E-5
1.146590E1;6.468488E-5;4.497874E-5;6.449770E-5;4.495327E-5;6.454151E-5;4.471459E-5;6.476232E-5;4.475410E-5;6.461839E-5;4.486527E-5
1.153256E1;6.471992E-5;4.497200E-5;6.452708E-5;4.494952E-5;6.457628E-5;4.470790E-5;6.480010E-5;4.474586E-5;6.465609E-5;4.485761E-5
1.159923E1;6.469285E-5;4.497807E-5;6.450544E-5;4.495356E-5;6.454957E-5;4.471312E-5;6.477083E-5;4.475364E-5;6.462696E-5;4.486380E-5
1.166589E1;6.470930E-5;4.497017E-5;6.451796E-5;4.494456E-5;6.456468E-5;4.470563E-5;6.478580E-5;4.474594E-5;6.464250E-5;4.485694E-5
1.173255E1;6.470745E-5;4.496329E-5;6.451792E-5;4.493864E-5;6.456423E-5;4.469932E-5;6.478562E-5;4.473951E-5;6.464200E-5;4.485038E-5
1.179921E1;6.471581E-5;4.493257E-5;6.452590E-5;4.491032E-5;6.457209E-5;4.466787E-5;6.479407E-5;4.470765E-5;6.465017E-5;4.481763E-5
1.186588E1;6.466653E-5;4.498763E-5;6.447986E-5;4.496105E-5;6.452207E-5;4.472386E-5;6.474684E-5;4.476264E-5;6.460321E-5;4.487287E-5
1.193254E1;6.469501E-5;4.497238E-5;6.450871E-5;4.494804E-5;6.455141E-5;4.470845E-5;6.477493E-5;4.474671E-5;6.463109E-5;4.485926E-5
1.199920E1;6.469918E-5;4.494986E-5;6.450943E-5;4.492634E-5;6.455602E-5;4.468545E-5;6.477727E-5;4.472265E-5;6.463382E-5;4.483520E-5
1.206586E1;6.471214E-5;4.494814E-5;6.452295E-5;4.492451E-5;6.456857E-5;4.468397E-5;6.479116E-5;4.472541E-5;6.464659E-5;4.483551E-5
1.213252E1;6.469401E-5;4.494699E-5;6.450832E-5;4.492555E-5;6.455006E-5;4.468362E-5;6.477316E-5;4.471970E-5;6.462973E-5;4.483187E-5
1.219919E1;6.469858E-5;4.493300E-5;6.451086E-5;4.490925E-5;6.455515E-5;4.466920E-5;6.477829E-5;4.470773E-5;6.463410E-5;4.481882E-5
1.226585E1;6.469252E-5;4.499788E-5;6.450480E-5;4.497046E-5;6.454963E-5;4.473304E-5;6.477201E-5;4.476995E-5;6.462725E-5;4.488207E-5
1.233251E1;6.468773E-5;4.497373E-5;6.450271E-5;4.494859E-5;6.454467E-5;4.470947E-5;6.476526E-5;4.474621E-5;6.462184E-5;4.485870E-5
1.239917E1;6.467912E-5;4.498691E-5;6.449183E-5;4.496298E-5;6.453504E-5;4.472302E-5;6.475724E-5;4.476060E-5;6.461404E-5;4.487271E-5
1.246584E1;6.469728E-5;4.497370E-5;6.451041E-5;4.494737E-5;6.455365E-5;4.470928E-5;6.477818E-5;4.474558E-5;6.463336E-5;4.485773E-5
1.253250E1;6.470297E-5;4.498193E-5;6.451411E-5;4.495601E-5;6.456007E-5;4.471712E-5;6.478054E-5;4.475325E-5;6.463608E-5;4.486542E-5
1.259916E1;6.467181E-5;4.495973E-5;6.448569E-5;4.493389E-5;6.452727E-5;4.469538E-5;6.475144E-5;4.473472E-5;6.460742E-5;4.484485E-5
1.266582E1;6.469567E-5;4.496465E-5;6.450921E-5;4.493852E-5;6.455209E-5;4.470036E-5;6.477275E-5;4.474008E-5;6.462909E-5;4.485115E-5
1.273248E1;6.468558E-5;4.496631E-5;6.449959E-5;4.493986E-5;6.454211E-5;4.470187E-5;6.476033E-5;4.473970E-5;6.461763E-5;4.485194E-5
1.279915E1;6.471516E-5;4.496366E-5;6.452595E-5;4.494041E-5;6.457118E-5;4.469979E-5;6.479395E-5;4.473399E-5;6.465089E-5;4.484802E-5
1.286581E1;6.471911E-5;4.495385E-5;6.453021E-5;4.493061E-5;6.457582E-5;4.468934E-5;6.479401E-5;4.472713E-5;6.465186E-5;4.483867E-5
1.293247E1;6.471724E-5;4.493639E-5;6.452690E-5;4.491198E-5;6.457426E-5;4.467197E-5;6.479745E-5;4.471138E-5;6.465404E-5;4.482206E-5
1.299913E1;6.470063E-5;4.496168E-5;6.451021E-5;4.493495E-5;6.455725E-5;4.469703E-5;6.477780E-5;4.473673E-5;6.463494E-5;4.484713E-5
1.306580E1;6.467728E-5;4.498980E-5;6.448768E-5;4.496224E-5;6.453342E-5;4.472570E-5;6.475432E-5;4.476346E-5;6.461155E-5;4.487490E-5
1.313246E1;6.468003E-5;4.497030E-5;6.449298E-5;4.494203E-5;6.453552E-5;4.470614E-5;6.476115E-5;4.474241E-5;6.461640E-5;4.485423E-5
1.319912E1;6.466683E-5;4.497682E-5;6.448130E-5;4.494947E-5;6.452399E-5;4.471290E-5;6.474551E-5;4.475126E-5;6.460152E-5;4.486202E-5
1.326578E1;6.468322E-5;4.497277E-5;6.449640E-5;4.494443E-5;6.453969E-5;4.470871E-5;6.476143E-5;4.474689E-5;6.461709E-5;4.486011E-5
1.333244E1;6.469756E-5;4.496294E-5;6.450891E-5;4.493533E-5;6.455422E-5;4.469874E-5;6.477551E-5;4.473696E-5;6.463132E-5;4.484925E-5
1.339911E1;6.468921E-5;4.497485E-5;6.450176E-5;4.494774E-5;6.454483E-5;4.471023E-5;6.476698E-5;4.474568E-5;6.462340E-5;4.485884E-5
1.346577E1;6.470128E-5;4.496162E-5;6.451209E-5;4.493691E-5;6.455727E-5;4.469738E-5;6.478002E-5;4.473517E-5;6.463628E-5;4.484708E-5
1.353243E1;6.470117E-5;4.497721E-5;6.451288E-5;4.495172E-5;6.455757E-5;4.471281E-5;6.477968E-5;4.474871E-5;6.463596E-5;4.486167E-5
1.359909E1;6.470007E-5;4.496245E-5;6.451238E-5;4.493525E-5;6.455597E-5;4.469840E-5;6.477770E-5;4.473819E-5;6.463438E-5;4.484828E-5
1.366576E1;6.469257E-5;4.496754E-5;6.450280E-5;4.494145E-5;6.454909E-5;4.470267E-5;6.477110E-5;4.474208E-5;6.462688E-5;4.485336E-5
1.373242E1;6.470331E-5;4.497964E-5;6.451507E-5;4.495537E-5;6.456006E-5;4.471515E-5;6.478134E-5;4.475279E-5;6.463764E-5;4.486380E-5
1.379908E1;6.468651E-5;4.498307E-5;6.449860E-5;4.495854E-5;6.454310E-5;4.471844E-5;6.476399E-5;4.475704E-5;6.462084E-5;4.486851E-5
1.386574E1;6.471647E-5;4.498151E-5;6.452735E-5;4.495960E-5;6.457288E-5;4.471710E-5;6.479576E-5;4.475346E-5;6.465173E-5;4.486549E-5
1.393240E1;6.468757E-5;4.496681E-5;6.450034E-5;4.494065E-5;6.454415E-5;4.470189E-5;6.476681E-5;4.474036E-5;6.462190E-5;4.485256E-5
1.399907E1;6.468860E-5;4.497375E-5;6.450049E-5;4.494960E-5;6.454519E-5;4.470928E-5;6.476646E-5;4.474878E-5;6.462344E-5;4.485895E-5
1.406573E1;6.469576E-5;4.497471E-5;6.450781E-5;4.495029E-5;6.455179E-5;4.471032E-5;6.477446E-5;4.474777E-5;6.463131E-5;4.486012E-5
1.413239E1;6.473047E-5;4.490355E-5;6.454106E-5;4.488619E-5;6.458761E-5;4.463920E-5;6.480906E-5;4.467807E-5;6.466519E-5;4.478999E-5
1.419905E1;6.472019E-5;4.491126E-5;6.452717E-5;4.488880E-5;6.457559E-5;4.464825E-5;6.479569E-5;4.468325E-5;6.465393E-5;4.479426E-5
1.426572E1;6.470725E-5;4.496120E-5;6.451658E-5;4.493680E-5;6.456331E-5;4.469686E-5;6.478301E-5;4.473752E-5;6.464082E-5;4.484799E-5
1.433238E1;6.470324E-5;4.496547E-5;6.451302E-5;4.494130E-5;6.455906E-5;4.470128E-5;6.478376E-5;4.474197E-5;6.463935E-5;4.485104E-5
1.439904E1;6.468869E-5;4.493998E-5;6.449922E-5;4.491463E-5;6.454455E-5;4.467633E-5;6.476793E-5;4.471462E-5;6.462475E-5;4.482504E-5
1.446570E1;6.470995E-5;4.492064E-5;6.451925E-5;4.489514E-5;6.456643E-5;4.465684E-5;6.478665E-5;4.469539E-5;6.464353E-5;4.480589E-5
1.453236E1;6.470699E-5;4.493056E-5;6.451720E-5;4.490926E-5;6.456468E-5;4.466717E-5;6.478372E-5;4.470421E-5;6.464036E-5;4.481566E-5
1.459903E1;6.468718E-5;4.500757E-5;6.449850E-5;4.498202E-5;6.454288E-5;4.474284E-5;6.476717E-5;4.478243E-5;6.462319E-5;4.489395E-5
1.466569E1;6.469924E-5;4.497327E-5;6.450872E-5;4.494728E-5;6.455496E-5;4.470887E-5;6.477993E-5;4.474389E-5;6.463595E-5;4.485670E-5
1.473235E1;6.468924E-5;4.499367E-5;6.450267E-5;4.496661E-5;6.454546E-5;4.472864E-5;6.477035E-5;4.476883E-5;6.462586E-5;4.487910E-5
1.479901E1;6.469751E-5;4.499219E-5;6.451111E-5;4.496621E-5;6.455400E-5;4.472804E-5;6.477867E-5;4.476683E-5;6.463527E-5;4.487775E-5
1.486568E1;6.468728E-5;4.497686E-5;6.450263E-5;4.495227E-5;6.454412E-5;4.471230E-5;6.476668E-5;4.474509E-5;6.462214E-5;4.485880E-5
1.493234E1;6.468566E-5;4.499383E-5;6.450006E-5;4.496709E-5;6.454290E-5;4.472932E-5;6.476257E-5;4.476539E-5;6.461985E-5;4.487711E-5
1.499900E1;6.470059E-5;4.497898E-5;6.451367E-5;4.495373E-5;6.455756E-5;4.471462E-5;6.477980E-5;4.475237E-5;6.463575E-5;4.486416E-5
1.506566E1;6.469082E-5;4.496860E-5;6.450462E-5;4.494131E-5;6.454696E-5;4.470427E-5;6.476725E-5;4.474453E-5;6.462364E-5;4.485479E-5
1.513232E1;6.469361E-5;4.496552E-5;6.450822E-5;4.493863E-5;6.455021E-5;4.470137E-5;6.477224E-5;4.473992E-5;6.462802E-5;4.485111E-5
1.519899E1;6.470209E-5;4.498569E-5;6.451397E-5;4.496055E-5;6.455859E-5;4.472111E-5;6.477972E-5;4.475879E-5;6.463597E-5;4.487142E-5
1.526565E1;6.468721E-5;4.497881E-5;6.449853E-5;4.495130E-5;6.454388E-5;4.471316E-5;6.476613E-5;4.475042E-5;6.462168E-5;4.486314E-5
1.533231E1;6.470219E-5;4.497157E-5;6.451471E-5;4.494894E-5;6.455869E-5;4.470723E-5;6.478003E-5;4.474376E-5;6.463671E-5;4.485667E-5
1.539897E1;6.471648E-5;4.495734E-5;6.452662E-5;4.493333E-5;6.457245E-5;4.469252E-5;6.479441E-5;4.473047E-5;6.465056E-5;4.484241E-5
1.546564E1;6.469705E-5;4.496505E-5;6.450763E-5;4.494212E-5;6.455275E-5;4.470066E-5;6.477433E-5;4.473997E-5;6.463180E-5;4.485042E-5
1.553230E1;6.468595E-5;4.495829E-5;6.449838E-5;4.493238E-5;6.454276E-5;4.469319E-5;6.476332E-5;4.473293E-5;6.461956E-5;4.484379E-5
1.559896E1;6.468326E-5;4.496975E-5;6.449517E-5;4.494220E-5;6.454009E-5;4.470588E-5;6.476106E-5;4.474312E-5;6.461646E-5;4.485582E-5
1.566562E1;6.468650E-5;4.496201E-5;6.449853E-5;4.493524E-5;6.454272E-5;4.469750E-5;6.476508E-5;4.473399E-5;6.462130E-5;4.484692E-5
1.573228E1;6.467514E-5;4.495115E-5;6.448873E-5;4.492537E-5;6.453167E-5;4.468663E-5;6.475116E-5;4.472620E-5;6.460798E-5;4.483737E-5
1.579895E1;6.468757E-5;4.496289E-5;6.449881E-5;4.493704E-5;6.454404E-5;4.469815E-5;6.476403E-5;4.473784E-5;6.462073E-5;4.484885E-5
1.586561E1;6.467508E-5;4.496808E-5;6.448838E-5;4.494291E-5;6.453160E-5;4.470398E-5;6.475446E-5;4.474198E-5;6.461027E-5;4.485351E-5
1.593227E1;6.469560E-5;4.495677E-5;6.450892E-5;4.493183E-5;6.455167E-5;4.469263E-5;6.477252E-5;4.473170E-5;6.462879E-5;4.484320E-5
1.599893E1;6.469550E-5;4.497628E-5;6.450778E-5;4.495055E-5;6.455201E-5;4.471151E-5;6.477205E-5;4.475034E-5;6.462867E-5;4.486222E-5
1.606560E1;6.470441E-5;4.495633E-5;6.451558E-5;4.493204E-5;6.456108E-5;4.469197E-5;6.478223E-5;4.473179E-5;6.463828E-5;4.484241E-5
1.613226E1;6.469274E-5;4.497895E-5;6.450435E-5;4.495289E-5;6.454818E-5;4.471391E-5;6.477038E-5;4.475354E-5;6.462720E-5;4.486409E-5
1.619892E1;6.470445E-5;4.494122E-5;6.451486E-5;4.491932E-5;6.456002E-5;4.467710E-5;6.478087E-5;4.471475E-5;6.463774E-5;4.482663E-5
1.626558E1;6.471238E-5;4.493544E-5;6.452213E-5;4.491382E-5;6.456831E-5;4.467221E-5;6.478986E-5;4.470858E-5;6.464597E-5;4.482041E-5
1.633224E1;6.470006E-5;4.497335E-5;6.451196E-5;4.495061E-5;6.455665E-5;4.470992E-5;6.477817E-5;4.475053E-5;6.463457E-5;4.486033E-5
1.639891E1;6.469927E-5;4.498866E-5;6.451291E-5;4.496309E-5;6.455577E-5;4.472432E-5;6.477562E-5;4.476219E-5;6.463343E-5;4.487356E-5
1.646557E1;6.468542E-5;4.496605E-5;6.449967E-5;4.494067E-5;6.454144E-5;4.470219E-5;6.476428E-5;4.473987E-5;6.462015E-5;4.485082E-5
1.653223E1;6.469901E-5;4.495817E-5;6.451016E-5;4.493172E-5;6.455585E-5;4.469370E-5;6.477637E-5;4.473299E-5;6.463258E-5;4.484383E-5
1.659889E1;6.468886E-5;4.497184E-5;6.449979E-5;4.494686E-5;6.454542E-5;4.470753E-5;6.476758E-5;4.474704E-5;6.462340E-5;4.485790E-5
1.666556E1;6.468204E-5;4.496589E-5;6.449409E-5;4.494127E-5;6.453826E-5;4.470166E-5;6.476004E-5;4.474021E-5;6.461630E-5;4.485056E-5
1.673222E1;6.470413E-5;4.494898E-5;6.451366E-5;4.492444E-5;6.455992E-5;4.468476E-5;6.478250E-5;4.472243E-5;6.463830E-5;4.483395E-5
1.679888E1;6.468040E-5;4.496549E-5;6.449428E-5;4.494007E-5;6.453680E-5;4.470095E-5;6.475886E-5;4.473905E-5;6.461450E-5;4.485139E-5
1.686554E1;6.468188E-5;4.497752E-5;6.449445E-5;4.495081E-5;6.453815E-5;4.471304E-5;6.476020E-5;4.475329E-5;6.461634E-5;4.486449E-5
1.693220E1;6.469510E-5;4.497576E-5;6.450682E-5;4.494972E-5;6.455165E-5;4.471156E-5;6.477280E-5;4.475085E-5;6.462907E-5;4.486243E-5
1.699887E1;6.469577E-5;4.496584E-5;6.450960E-5;4.494161E-5;6.455231E-5;4.470151E-5;6.477434E-5;4.474020E-5;6.463028E-5;4.485155E-5
1.706553E1;6.468965E-5;4.496834E-5;6.450328E-5;4.494445E-5;6.454626E-5;4.470361E-5;6.476883E-5;4.474007E-5;6.462474E-5;4.485209E-5
1.713219E1;6.467760E-5;4.496198E-5;6.448897E-5;4.493616E-5;6.453347E-5;4.469750E-5;6.475402E-5;4.473725E-5;6.461076E-5;4.484795E-5
1.719885E1;6.467930E-5;4.495874E-5;6.449055E-5;4.493207E-5;6.453504E-5;4.469410E-5;6.475699E-5;4.473338E-5;6.461351E-5;4.484448E-5
1.726552E1;6.468110E-5;4.497872E-5;6.449557E-5;4.495388E-5;6.453726E-5;4.471437E-5;6.475852E-5;4.475317E-5;6.461508E-5;4.486388E-5
1.733218E1;6.468894E-5;4.496209E-5;6.450102E-5;4.493640E-5;6.454529E-5;4.469764E-5;6.476836E-5;4.473793E-5;6.462470E-5;4.484809E-5
1.739884E1;6.470156E-5;4.494392E-5;6.451293E-5;4.492169E-5;6.455733E-5;4.468029E-5;6.478096E-5;4.471996E-5;6.463709E-5;4.482995E-5
1.746550E1;6.471039E-5;4.497043E-5;6.452222E-5;4.494806E-5;6.456662E-5;4.470634E-5;6.478923E-5;4.474511E-5;6.464644E-5;4.485570E-5
1.753216E1;6.469305E-5;4.494585E-5;6.450413E-5;4.492283E-5;6.454918E-5;4.468212E-5;6.477415E-5;4.471757E-5;6.463004E-5;4.482996E-5
1.759883E1;6.471888E-5;4.493721E-5;6.452796E-5;4.491495E-5;6.457544E-5;4.467255E-5;6.479803E-5;4.470922E-5;6.465437E-5;4.482190E-5
1.766549E1;6.471331E-5;4.493670E-5;6.452370E-5;4.491424E-5;6.456950E-5;4.467277E-5;6.479168E-5;4.470901E-5;6.464797E-5;4.482062E-5
1.773215E1;6.468192E-5;4.497365E-5;6.449641E-5;4.494532E-5;6.453863E-5;4.470926E-5;6.476034E-5;4.475283E-5;6.461651E-5;4.486004E-5
1.779881E1;6.468734E-5;4.497967E-5;6.449906E-5;4.495211E-5;6.454302E-5;4.471574E-5;6.476604E-5;4.475853E-5;6.462194E-5;4.486994E-5
1.786548E1;6.469338E-5;4.496544E-5;6.450437E-5;4.493752E-5;6.454968E-5;4.470124E-5;6.477174E-5;4.474095E-5;6.462728E-5;4.485235E-5
1.793214E1;6.469494E-5;4.496303E-5;6.450680E-5;4.493579E-5;6.455125E-5;4.469880E-5;6.477462E-5;4.473790E-5;6.463038E-5;4.484885E-5
1.799880E1;6.469131E-5;4.497861E-5;6.450543E-5;4.495359E-5;6.454748E-5;4.471420E-5;6.477038E-5;4.475146E-5;6.462683E-5;4.486283E-5
1.806546E1;6.471121E-5;4.496187E-5;6.452219E-5;4.493925E-5;6.456694E-5;4.469703E-5;6.479087E-5;4.473564E-5;6.464619E-5;4.484715E-5
1.813212E1;6.470463E-5;4.496071E-5;6.451583E-5;4.493599E-5;6.456066E-5;4.469630E-5;6.478511E-5;4.473338E-5;6.464101E-5;4.484418E-5
1.819879E1;6.470360E-5;4.495736E-5;6.451536E-5;4.493266E-5;6.455999E-5;4.469322E-5;6.478162E-5;4.473269E-5;6.463798E-5;4.484281E-5
1.826545E1;6.471617E-5;4.494729E-5;6.452664E-5;4.492669E-5;6.457296E-5;4.468324E-5;6.479484E-5;4.472164E-5;6.465074E-5;4.483269E-5
1.833211E1;6.470854E-5;4.495529E-5;6.452249E-5;4.493297E-5;6.456566E-5;4.469131E-5;6.478771E-5;4.473112E-5;6.464411E-5;4.484098E-5
1.839877E1;6.470146E-5;4.497819E-5;6.451104E-5;4.495361E-5;6.455796E-5;4.471359E-5;6.478103E-5;4.475224E-5;6.463667E-5;4.486372E-5
1.846544E1;6.471744E-5;4.495969E-5;6.452778E-5;4.493392E-5;6.457333E-5;4.469488E-5;6.479473E-5;4.473297E-5;6.465208E-5;4.484488E-5
1.853210E1;6.468314E-5;4.497349E-5;6.449575E-5;4.494638E-5;6.454012E-5;4.470861E-5;6.476183E-5;4.475054E-5;6.461764E-5;4.485996E-5
1.859876E1;6.466995E-5;4.499384E-5;6.448387E-5;4.496775E-5;6.452582E-5;4.472993E-5;6.474844E-5;4.476834E-5;6.460529E-5;4.487958E-5
1.866542E1;6.468875E-5;4.498029E-5;6.450232E-5;4.495243E-5;6.454540E-5;4.471577E-5;6.476721E-5;4.475390E-5;6.462316E-5;4.486661E-5
1.873208E1;6.468525E-5;4.495566E-5;6.449836E-5;4.492847E-5;6.454158E-5;4.469121E-5;6.476138E-5;4.472919E-5;6.461837E-5;4.484080E-5
1.879875E1;6.468487E-5;4.497234E-5;6.449702E-5;4.494575E-5;6.454127E-5;4.470763E-5;6.476274E-5;4.474559E-5;6.461921E-5;4.485707E-5
1.886541E1;6.469611E-5;4.497573E-5;6.450626E-5;4.495164E-5;6.455210E-5;4.471116E-5;6.477710E-5;4.474970E-5;6.463290E-5;4.486055E-5
1.893207E1;6.472984E-5;4.494145E-5;6.454197E-5;4.491929E-5;6.458630E-5;4.467714E-5;6.480679E-5;4.471640E-5;6.466312E-5;4.482798E-5
1.899873E1;6.471892E-5;4.494795E-5;6.453109E-5;4.492528E-5;6.457559E-5;4.468369E-5;6.479672E-5;4.472286E-5;6.465282E-5;4.483446E-5
1.906540E1;6.471241E-5;4.495193E-5;6.452465E-5;4.492881E-5;6.456917E-5;4.468771E-5;6.479056E-5;4.472695E-5;6.464657E-5;4.483851E-5
1.913206E1;6.469421E-5;4.497332E-5;6.450481E-5;4.494563E-5;6.455000E-5;4.470863E-5;6.477202E-5;4.474649E-5;6.462859E-5;4.485818E-5
1.919872E1;6.469708E-5;4.497644E-5;6.451138E-5;4.494431E-5;6.455397E-5;4.471168E-5;6.477706E-5;4.475527E-5;6.463231E-5;4.486414E-5
1.926538E1;6.467716E-5;4.496283E-5;6.449151E-5;4.493746E-5;6.453358E-5;4.469894E-5;6.475580E-5;4.473621E-5;6.461155E-5;4.484801E-5
1.933204E1;6.466962E-5;4.497698E-5;6.448346E-5;4.494966E-5;6.452635E-5;4.471258E-5;6.474697E-5;4.474983E-5;6.460276E-5;4.486191E-5
1.939871E1;6.467912E-5;4.497667E-5;6.449256E-5;4.494855E-5;6.453574E-5;4.471235E-5;6.475753E-5;4.475057E-5;6.461374E-5;4.486197E-5
1.946537E1;6.470011E-5;4.498767E-5;6.451296E-5;4.496009E-5;6.455684E-5;4.472353E-5;6.477942E-5;4.475882E-5;6.463510E-5;4.487174E-5
1.953203E1;6.468338E-5;4.497866E-5;6.449697E-5;4.495264E-5;6.453965E-5;4.471434E-5;6.476095E-5;4.475314E-5;6.461723E-5;4.486457E-5
1.959869E1;6.469220E-5;4.497258E-5;6.450262E-5;4.494779E-5;6.454798E-5;4.470818E-5;6.477076E-5;4.474578E-5;6.462747E-5;4.485807E-5
1.966536E1;6.468676E-5;4.496013E-5;6.449610E-5;4.493359E-5;6.454329E-5;4.469532E-5;6.476600E-5;4.473373E-5;6.462172E-5;4.484520E-5
1.973202E1;6.470711E-5;4.496113E-5;6.451763E-5;4.493830E-5;6.456351E-5;4.469701E-5;6.478567E-5;4.473309E-5;6.464194E-5;4.484554E-5
1.979868E1;6.474208E-5;4.490626E-5;6.454854E-5;4.488496E-5;6.459864E-5;4.464053E-5;6.481734E-5;4.468575E-5;6.467401E-5;4.479386E-5
1.986534E1;6.472466E-5;4.483134E-5;6.453900E-5;4.488259E-5;6.458560E-5;4.463781E-5;6.480339E-5;4.455039E-5;6.465733E-5;4.466612E-5
1.993200E1;6.471703E-5;4.487895E-5;6.452758E-5;4.490138E-5;6.457436E-5;4.465936E-5;6.479487E-5;4.454393E-5;6.465237E-5;4.465915E-5
1.999867E1;6.470371E-5;4.490617E-5;6.451479E-5;4.492953E-5;6.455992E-5;4.468974E-5;6.478173E-5;4.468002E-5;6.463816E-5;4.479277E-5
2.006533E1;6.469041E-5;4.497338E-5;6.450170E-5;4.495772E-5;6.454601E-5;4.472022E-5;6.477085E-5;4.473150E-5;6.462626E-5;4.484351E-5
2.013199E1;6.468137E-5;4.499682E-5;6.449392E-5;4.497333E-5;6.453776E-5;4.473543E-5;6.476000E-5;4.475555E-5;6.461585E-5;4.486665E-5
2.019865E1;6.470526E-5;4.496819E-5;6.451729E-5;4.494701E-5;6.456117E-5;4.470940E-5;6.478342E-5;4.473821E-5;6.463980E-5;4.484903E-5
2.026532E1;6.469888E-5;4.496173E-5;6.450735E-5;4.494017E-5;6.455455E-5;4.470229E-5;6.477775E-5;4.473661E-5;6.463423E-5;4.484394E-5
2.033198E1;6.469216E-5;4.498193E-5;6.450411E-5;4.495542E-5;6.454822E-5;4.471934E-5;6.477087E-5;4.475271E-5;6.462730E-5;4.486268E-5
2.039864E1;6.470037E-5;4.498145E-5;6.451243E-5;4.495521E-5;6.455691E-5;4.471886E-5;6.477849E-5;4.475145E-5;6.463497E-5;4.486317E-5
2.046530E1;6.469323E-5;4.496952E-5;6.450589E-5;4.494675E-5;6.454915E-5;4.470647E-5;6.477174E-5;4.474081E-5;6.462826E-5;4.485195E-5
2.053196E1;6.470360E-5;4.494570E-5;6.451464E-5;4.492267E-5;6.456087E-5;4.468316E-5;6.478434E-5;4.471786E-5;6.463963E-5;4.483007E-5
2.059863E1;6.467046E-5;4.499812E-5;6.448509E-5;4.497020E-5;6.452724E-5;4.473391E-5;6.474819E-5;4.477235E-5;6.460492E-5;4.488287E-5
2.066529E1;6.467694E-5;4.500401E-5;6.448998E-5;4.497656E-5;6.453420E-5;4.473925E-5;6.475507E-5;4.477295E-5;6.461181E-5;4.488749E-5
2.073195E1;6.468758E-5;4.497663E-5;6.450033E-5;4.494981E-5;6.454450E-5;4.471241E-5;6.476581E-5;4.475160E-5;6.462138E-5;4.486255E-5
2.079861E1;6.468163E-5;4.496897E-5;6.449475E-5;4.494292E-5;6.453799E-5;4.470515E-5;6.475994E-5;4.474169E-5;6.461762E-5;4.485403E-5
2.086528E1;6.469956E-5;4.497125E-5;6.451075E-5;4.494411E-5;6.455524E-5;4.470738E-5;6.477685E-5;4.474432E-5;6.463394E-5;4.485648E-5
2.093194E1;6.468902E-5;4.494968E-5;6.450071E-5;4.492509E-5;6.454512E-5;4.468517E-5;6.476573E-5;4.472308E-5;6.462238E-5;4.483497E-5
2.099860E1;6.467078E-5;4.496617E-5;6.448257E-5;4.494044E-5;6.452674E-5;4.470200E-5;6.474675E-5;4.473730E-5;6.460343E-5;4.485023E-5
2.106526E1;6.468171E-5;4.496668E-5;6.449362E-5;4.494066E-5;6.453759E-5;4.470285E-5;6.475922E-5;4.474159E-5;6.461609E-5;4.485182E-5
2.113192E1;6.469422E-5;4.497614E-5;6.450359E-5;4.495146E-5;6.455071E-5;4.471171E-5;6.477228E-5;4.474889E-5;6.462873E-5;4.486032E-5
2.119859E1;6.467356E-5;4.497172E-5;6.448566E-5;4.494542E-5;6.453082E-5;4.470669E-5;6.475326E-5;4.474403E-5;6.460838E-5;4.485652E-5
2.126525E1;6.469199E-5;4.497490E-5;6.450086E-5;4.494970E-5;6.454863E-5;4.471029E-5;6.477141E-5;4.474706E-5;6.462760E-5;4.485888E-5
2.133191E1;6.467826E-5;4.497659E-5;6.448650E-5;4.495141E-5;6.453440E-5;4.471205E-5;6.475554E-5;4.475059E-5;6.461192E-5;4.486089E-5
2.139857E1;6.469992E-5;4.496400E-5;6.450984E-5;4.493970E-5;6.455494E-5;4.469968E-5;6.477840E-5;4.473697E-5;6.463618E-5;4.484917E-5
2.146524E1;6.471069E-5;4.494563E-5;6.451722E-5;4.492394E-5;6.456756E-5;4.468087E-5;6.478869E-5;4.471929E-5;6.464413E-5;4.483121E-5
2.153190E1;6.470362E-5;4.496491E-5;6.451525E-5;4.494087E-5;6.455966E-5;4.470071E-5;6.478249E-5;4.473752E-5;6.463921E-5;4.484881E-5
2.159856E1;6.466901E-5;4.499027E-5;6.448515E-5;4.496336E-5;6.452696E-5;4.472573E-5;6.474810E-5;4.476532E-5;6.460381E-5;4.487631E-5
2.166522E1;6.468229E-5;4.496253E-5;6.449598E-5;4.493695E-5;6.453830E-5;4.469835E-5;6.476133E-5;4.473593E-5;6.461737E-5;4.484767E-5
2.173188E1;6.469716E-5;4.497021E-5;6.450729E-5;4.494418E-5;6.455291E-5;4.470477E-5;6.477690E-5;4.474164E-5;6.463361E-5;4.485583E-5
2.179855E1;6.469373E-5;4.498113E-5;6.450800E-5;4.495589E-5;6.455011E-5;4.471680E-5;6.477366E-5;4.475617E-5;6.462998E-5;4.486694E-5
2.186521E1;6.468911E-5;4.496715E-5;6.450275E-5;4.494320E-5;6.454591E-5;4.470276E-5;6.476805E-5;4.474020E-5;6.462398E-5;4.485232E-5
2.193187E1;6.470399E-5;4.496014E-5;6.451683E-5;4.493307E-5;6.456060E-5;4.469554E-5;6.478212E-5;4.473452E-5;6.463793E-5;4.484629E-5
2.199853E1;6.469348E-5;4.494815E-5;6.450388E-5;4.492317E-5;6.454958E-5;4.468395E-5;6.477189E-5;4.472230E-5;6.462825E-5;4.483367E-5
2.206520E1;6.469405E-5;4.496572E-5;6.450499E-5;4.493966E-5;6.455105E-5;4.470125E-5;6.477266E-5;4.473977E-5;6.462859E-5;4.485169E-5
2.213186E1;6.469562E-5;4.496199E-5;6.450694E-5;4.493620E-5;6.455238E-5;4.469760E-5;6.477245E-5;4.473556E-5;6.462880E-5;4.484750E-5
2.219852E1;6.470648E-5;4.496709E-5;6.451669E-5;4.494022E-5;6.456309E-5;4.470251E-5;6.478447E-5;4.474207E-5;6.464090E-5;4.485300E-5
2.226518E1;6.468186E-5;4.495687E-5;6.449561E-5;4.493074E-5;6.453819E-5;4.469238E-5;6.476502E-5;4.472892E-5;6.461885E-5;4.484130E-5
2.233184E1;6.468577E-5;4.495844E-5;6.449994E-5;4.493825E-5;6.454138E-5;4.469434E-5;6.476742E-5;4.472882E-5;6.462327E-5;4.484181E-5
2.239851E1;6.470047E-5;4.497475E-5;6.451288E-5;4.494925E-5;6.455765E-5;4.471015E-5;6.477991E-5;4.474840E-5;6.463556E-5;4.486029E-5
2.246517E1;6.470090E-5;4.497735E-5;6.451256E-5;4.495108E-5;6.455809E-5;4.471300E-5;6.478045E-5;4.475198E-5;6.463626E-5;4.486363E-5
2.253183E1;6.471325E-5;4.498643E-5;6.452480E-5;4.496187E-5;6.457011E-5;4.472201E-5;6.479213E-5;4.475978E-5;6.464791E-5;4.487168E-5
2.259849E1;6.468934E-5;4.496920E-5;6.450148E-5;4.494382E-5;6.454631E-5;4.470479E-5;6.476836E-5;4.474514E-5;6.462402E-5;4.485574E-5
2.266516E1;6.469677E-5;4.496326E-5;6.450841E-5;4.493800E-5;6.455288E-5;4.469911E-5;6.477473E-5;4.473877E-5;6.463093E-5;4.484934E-5
2.273182E1;6.470972E-5;4.496301E-5;6.452082E-5;4.493591E-5;6.456587E-5;4.469832E-5;6.478521E-5;4.473606E-5;6.464278E-5;4.484812E-5
2.279848E1;6.469688E-5;4.497037E-5;6.451018E-5;4.494530E-5;6.455369E-5;4.470586E-5;6.477621E-5;4.474322E-5;6.463236E-5;4.485518E-5
2.286514E1;6.469847E-5;4.496666E-5;6.450985E-5;4.494248E-5;6.455419E-5;4.470250E-5;6.477544E-5;4.474100E-5;6.463237E-5;4.485222E-5
2.293180E1;6.471980E-5;4.477436E-5;6.453105E-5;4.475152E-5;6.457490E-5;4.451029E-5;6.480212E-5;4.454755E-5;6.465797E-5;4.465999E-5
2.299847E1;6.471446E-5;4.491390E-5;6.452143E-5;4.489197E-5;6.457057E-5;4.464972E-5;6.479095E-5;4.468942E-5;6.464705E-5;4.480021E-5
2.306513E1;6.471492E-5;4.491972E-5;6.452395E-5;4.489807E-5;6.457107E-5;4.465628E-5;6.479363E-5;4.468978E-5;6.465028E-5;4.480404E-5
2.313179E1;6.467958E-5;4.497786E-5;6.449246E-5;4.495060E-5;6.453618E-5;4.471345E-5;6.475828E-5;4.475392E-5;6.461444E-5;4.486396E-5
2.319845E1;6.467716E-5;4.499272E-5;6.449119E-5;4.496583E-5;6.453361E-5;4.472822E-5;6.475733E-5;4.476509E-5;6.461279E-5;4.487813E-5
2.326512E1;6.468022E-5;4.497387E-5;6.449363E-5;4.494553E-5;6.453700E-5;4.470959E-5;6.475945E-5;4.474850E-5;6.461484E-5;4.485953E-5
2.333178E1;6.468298E-5;4.496932E-5;6.449565E-5;4.494141E-5;6.453927E-5;4.470547E-5;6.476080E-5;4.474204E-5;6.461681E-5;4.485471E-5
2.339844E1;6.470143E-5;4.495296E-5;6.450990E-5;4.493073E-5;6.455743E-5;4.468927E-5;6.477746E-5;4.472845E-5;6.463465E-5;4.483849E-5
2.346510E1;6.471108E-5;4.493556E-5;6.451806E-5;4.491146E-5;6.456623E-5;4.467124E-5;6.478896E-5;4.471234E-5;6.464503E-5;4.482189E-5
2.353176E1;6.469577E-5;4.498020E-5;6.450438E-5;4.495262E-5;6.455148E-5;4.471624E-5;6.477485E-5;4.475439E-5;6.463095E-5;4.486503E-5
2.359843E1;6.469769E-5;4.494915E-5;6.451100E-5;4.491945E-5;6.455384E-5;4.468435E-5;6.477573E-5;4.472822E-5;6.463212E-5;4.483605E-5
2.366509E1;6.470674E-5;4.495976E-5;6.452038E-5;4.493201E-5;6.456263E-5;4.469578E-5;6.478413E-5;4.473243E-5;6.464123E-5;4.484443E-5
2.373175E1;6.472246E-5;4.493693E-5;6.453220E-5;4.491617E-5;6.457989E-5;4.467228E-5;6.479941E-5;4.471080E-5;6.465597E-5;4.482216E-5
2.379841E1;6.472923E-5;4.492767E-5;6.453668E-5;4.490795E-5;6.458494E-5;4.466368E-5;6.480869E-5;4.469806E-5;6.466514E-5;4.481209E-5
2.386508E1;6.470724E-5;4.498675E-5;6.452136E-5;4.496173E-5;6.456397E-5;4.472293E-5;6.478827E-5;4.475582E-5;6.464422E-5;4.486997E-5
2.393174E1;6.467949E-5;4.499728E-5;6.449204E-5;4.497095E-5;6.453604E-5;4.473320E-5;6.475875E-5;4.477537E-5;6.461510E-5;4.488523E-5
2.399840E1;6.467156E-5;4.499320E-5;6.448570E-5;4.496673E-5;6.452783E-5;4.472870E-5;6.474855E-5;4.476831E-5;6.460538E-5;4.487994E-5
2.406506E1;6.467074E-5;4.496637E-5;6.448432E-5;4.493874E-5;6.452668E-5;4.470235E-5;6.474747E-5;4.474156E-5;6.460406E-5;4.485112E-5
2.413172E1;6.468960E-5;4.496010E-5;6.450356E-5;4.493459E-5;6.454562E-5;4.469652E-5;6.476789E-5;4.473524E-5;6.462412E-5;4.484616E-5
2.419839E1;6.469317E-5;4.494788E-5;6.450389E-5;4.492364E-5;6.454844E-5;4.468364E-5;6.477536E-5;4.472177E-5;6.463089E-5;4.483306E-5
2.426505E1;6.469693E-5;4.495895E-5;6.450742E-5;4.493275E-5;6.455286E-5;4.469437E-5;6.477705E-5;4.473353E-5;6.463284E-5;4.484393E-5
2.433171E1;6.469872E-5;4.496969E-5;6.451146E-5;4.494190E-5;6.455464E-5;4.470539E-5;6.477580E-5;4.474604E-5;6.463202E-5;4.485566E-5
2.439837E1;6.469607E-5;4.497561E-5;6.450997E-5;4.494726E-5;6.455263E-5;4.471115E-5;6.477333E-5;4.475049E-5;6.463025E-5;4.486071E-5
2.446504E1;6.468170E-5;4.496817E-5;6.449500E-5;4.494211E-5;6.453872E-5;4.470360E-5;6.476030E-5;4.474200E-5;6.461628E-5;4.485342E-5
2.453170E1;6.470417E-5;4.497267E-5;6.451567E-5;4.494495E-5;6.456048E-5;4.470807E-5;6.478234E-5;4.474484E-5;6.463850E-5;4.485821E-5
2.459836E1;6.469356E-5;4.497461E-5;6.450469E-5;4.494682E-5;6.455027E-5;4.471018E-5;6.477217E-5;4.474807E-5;6.462819E-5;4.486002E-5
2.466502E1;6.469882E-5;4.497915E-5;6.451077E-5;4.495406E-5;6.455526E-5;4.471479E-5;6.477735E-5;4.475100E-5;6.463356E-5;4.486370E-5
2.473168E1;6.469926E-5;4.496330E-5;6.451086E-5;4.493801E-5;6.455571E-5;4.469885E-5;6.477793E-5;4.473862E-5;6.463405E-5;4.484934E-5
2.479835E1;6.468449E-5;4.496317E-5;6.449501E-5;4.493838E-5;6.454056E-5;4.469900E-5;6.476278E-5;4.473906E-5;6.461914E-5;4.484941E-5
2.486501E1;6.470310E-5;4.496237E-5;6.451321E-5;4.493955E-5;6.455940E-5;4.469779E-5;6.478140E-5;4.473602E-5;6.463788E-5;4.484812E-5
2.493167E1;6.467466E-5;4.494954E-5;6.448853E-5;4.492472E-5;6.453094E-5;4.468512E-5;6.475494E-5;4.472197E-5;6.461043E-5;4.483262E-5
2.499833E1;6.468710E-5;4.496372E-5;6.450039E-5;4.493785E-5;6.454389E-5;4.469945E-5;6.476587E-5;4.473794E-5;6.462136E-5;4.484954E-5
2.506500E1;6.470225E-5;4.496585E-5;6.451516E-5;4.493934E-5;6.455899E-5;4.470107E-5;6.478254E-5;4.474071E-5;6.463783E-5;4.485133E-5
2.513166E1;6.468592E-5;4.498476E-5;6.449712E-5;4.495874E-5;6.454233E-5;4.472006E-5;6.476351E-5;4.475968E-5;6.461894E-5;4.487075E-5
2.519832E1;6.471318E-5;4.498240E-5;6.452334E-5;4.496016E-5;6.456956E-5;4.471840E-5;6.479286E-5;4.475908E-5;6.464907E-5;4.486864E-5
2.526498E1;6.468534E-5;4.497437E-5;6.449665E-5;4.494857E-5;6.454190E-5;4.470939E-5;6.476416E-5;4.474833E-5;6.461997E-5;4.485893E-5
2.533164E1;6.468637E-5;4.497417E-5;6.449903E-5;4.494855E-5;6.454360E-5;4.471009E-5;6.476540E-5;4.475037E-5;6.462092E-5;4.486120E-5
2.539831E1;6.470662E-5;4.493626E-5;6.451626E-5;4.491345E-5;6.456277E-5;4.467290E-5;6.478432E-5;4.471018E-5;6.464050E-5;4.482212E-5
2.546497E1;6.471481E-5;4.495351E-5;6.452523E-5;4.492936E-5;6.457117E-5;4.468959E-5;6.479501E-5;4.472884E-5;6.465067E-5;4.484030E-5
2.553163E1;6.469251E-5;4.496728E-5;6.450304E-5;4.494172E-5;6.454946E-5;4.470292E-5;6.477085E-5;4.474271E-5;6.462703E-5;4.485226E-5
2.559829E1;6.470534E-5;4.496359E-5;6.451654E-5;4.493722E-5;6.456194E-5;4.469932E-5;6.478415E-5;4.473978E-5;6.464005E-5;4.484985E-5
2.566496E1;6.470192E-5;4.497346E-5;6.451520E-5;4.495000E-5;6.455864E-5;4.470924E-5;6.478129E-5;4.474694E-5;6.463709E-5;4.485984E-5
2.573162E1;6.467641E-5;4.495852E-5;6.449001E-5;4.493413E-5;6.453359E-5;4.469509E-5;6.475510E-5;4.473266E-5;6.461131E-5;4.484370E-5
2.579828E1;6.467701E-5;4.497890E-5;6.449031E-5;4.495213E-5;6.453273E-5;4.471467E-5;6.475595E-5;4.475510E-5;6.461218E-5;4.486440E-5
2.586494E1;6.467715E-5;4.497523E-5;6.448960E-5;4.494898E-5;6.453349E-5;4.471076E-5;6.475535E-5;4.475263E-5;6.461122E-5;4.486295E-5
2.593160E1;6.470674E-5;4.498545E-5;6.451898E-5;4.496045E-5;6.456344E-5;4.472080E-5;6.478538E-5;4.476043E-5;6.464104E-5;4.487055E-5
2.599827E1;6.470034E-5;4.497417E-5;6.451246E-5;4.494857E-5;6.455690E-5;4.470969E-5;6.477930E-5;4.474659E-5;6.463541E-5;4.485942E-5
2.606493E1;6.468778E-5;4.496399E-5;6.450008E-5;4.493818E-5;6.454438E-5;4.469977E-5;6.476663E-5;4.473730E-5;6.462251E-5;4.484939E-5
2.613159E1;6.469359E-5;4.497121E-5;6.450640E-5;4.494539E-5;6.454993E-5;4.470701E-5;6.476966E-5;4.474501E-5;6.462636E-5;4.485668E-5
2.619825E1;6.469541E-5;4.494933E-5;6.450697E-5;4.492342E-5;6.455186E-5;4.468465E-5;6.477302E-5;4.472336E-5;6.462952E-5;4.483465E-5
2.626492E1;6.469378E-5;4.497187E-5;6.450592E-5;4.494699E-5;6.455039E-5;4.470777E-5;6.477253E-5;4.474439E-5;6.462865E-5;4.485642E-5
2.633158E1;6.470561E-5;4.496106E-5;6.451946E-5;4.493588E-5;6.456223E-5;4.469667E-5;6.478333E-5;4.473488E-5;6.463997E-5;4.484759E-5
2.639824E1;6.468004E-5;4.495490E-5;6.449373E-5;4.492934E-5;6.453628E-5;4.469071E-5;6.475661E-5;4.473008E-5;6.461319E-5;4.484093E-5
2.646490E1;6.469981E-5;4.496830E-5;6.451045E-5;4.494096E-5;6.455559E-5;4.470395E-5;6.477897E-5;4.474273E-5;6.463471E-5;4.485470E-5
2.653156E1;6.469102E-5;4.495917E-5;6.450241E-5;4.493519E-5;6.454712E-5;4.469449E-5;6.476738E-5;4.473524E-5;6.462380E-5;4.484507E-5
2.659823E1;6.467666E-5;4.496982E-5;6.449119E-5;4.494459E-5;6.453287E-5;4.470593E-5;6.475424E-5;4.474410E-5;6.461076E-5;4.485533E-5
2.666489E1;6.470153E-5;4.498404E-5;6.451198E-5;4.495869E-5;6.455783E-5;4.471961E-5;6.477913E-5;4.475714E-5;6.463532E-5;4.486915E-5
2.673155E1;6.469788E-5;4.495459E-5;6.451048E-5;4.492969E-5;6.455416E-5;4.469054E-5;6.477431E-5;4.472982E-5;6.463119E-5;4.484117E-5
2.679821E1;6.470152E-5;4.498822E-5;6.451156E-5;4.496306E-5;6.455800E-5;4.472364E-5;6.477988E-5;4.476419E-5;6.463582E-5;4.487410E-5
2.686488E1;6.470152E-5;4.496031E-5;6.451167E-5;4.493713E-5;6.455792E-5;4.469608E-5;6.477847E-5;4.473635E-5;6.463491E-5;4.484579E-5
2.693154E1;6.469166E-5;4.497317E-5;6.450334E-5;4.494892E-5;6.454840E-5;4.470788E-5;6.477200E-5;4.474575E-5;6.462501E-5;4.485882E-5
2.699820E1;6.468821E-5;4.496676E-5;6.450033E-5;4.494086E-5;6.454491E-5;4.470220E-5;6.476629E-5;4.474007E-5;6.462257E-5;4.485234E-5
2.706486E1;6.469346E-5;4.495455E-5;6.450779E-5;4.493079E-5;6.455056E-5;4.469093E-5;6.477339E-5;4.472714E-5;6.462887E-5;4.483857E-5
2.713152E1;6.470458E-5;4.496334E-5;6.451578E-5;4.493841E-5;6.456094E-5;4.469859E-5;6.478133E-5;4.473760E-5;6.463796E-5;4.484969E-5
2.719819E1;6.471114E-5;4.497855E-5;6.452237E-5;4.495368E-5;6.456807E-5;4.471456E-5;6.478937E-5;4.475172E-5;6.464569E-5;4.486375E-5
2.726485E1;6.469259E-5;4.497060E-5;6.450437E-5;4.494441E-5;6.454884E-5;4.470606E-5;6.476918E-5;4.474489E-5;6.462575E-5;4.485523E-5
2.733151E1;6.469577E-5;4.494841E-5;6.450778E-5;4.492262E-5;6.455187E-5;4.468451E-5;6.477348E-5;4.472257E-5;6.462967E-5;4.483412E-5
2.739817E1;6.469211E-5;4.496589E-5;6.450336E-5;4.494038E-5;6.454794E-5;4.470129E-5;6.477031E-5;4.474003E-5;6.462662E-5;4.485086E-5
2.746484E1;6.469095E-5;4.498178E-5;6.450356E-5;4.495542E-5;6.454799E-5;4.471692E-5;6.476916E-5;4.475454E-5;6.462521E-5;4.486726E-5
2.753150E1;6.469821E-5;4.493737E-5;6.451136E-5;4.491619E-5;6.455522E-5;4.467339E-5;6.477752E-5;4.471347E-5;6.463365E-5;4.482327E-5
2.759816E1;6.468972E-5;4.497219E-5;6.450117E-5;4.494732E-5;6.454610E-5;4.470794E-5;6.476818E-5;4.474742E-5;6.462449E-5;4.485774E-5
2.766482E1;6.471857E-5;4.493564E-5;6.452791E-5;4.491391E-5;6.457532E-5;4.467045E-5;6.479716E-5;4.470811E-5;6.465293E-5;4.482150E-5
2.773148E1;6.471375E-5;4.491610E-5;6.452493E-5;4.489220E-5;6.457055E-5;4.465148E-5;6.479132E-5;4.469152E-5;6.464728E-5;4.480124E-5
2.779815E1;6.472751E-5;4.494950E-5;6.453674E-5;4.492771E-5;6.458447E-5;4.468583E-5;6.480642E-5;4.472276E-5;6.466234E-5;4.483562E-5
2.786481E1;6.470734E-5;4.497200E-5;6.451767E-5;4.494819E-5;6.456394E-5;4.470800E-5;6.478570E-5;4.474419E-5;6.464255E-5;4.485690E-5
2.793147E1;6.468651E-5;4.498203E-5;6.449873E-5;4.495623E-5;6.454276E-5;4.471728E-5;6.476493E-5;4.475591E-5;6.462147E-5;4.486733E-5
2.799813E1;6.467669E-5;4.499805E-5;6.449104E-5;4.496795E-5;6.453393E-5;4.473319E-5;6.475469E-5;4.477263E-5;6.461028E-5;4.488364E-5
2.806480E1;6.467311E-5;4.499700E-5;6.448904E-5;4.496962E-5;6.453039E-5;4.473271E-5;6.475263E-5;4.477172E-5;6.460806E-5;4.488274E-5
2.813146E1;6.470188E-5;4.496902E-5;6.451512E-5;4.494272E-5;6.455815E-5;4.470479E-5;6.477919E-5;4.474270E-5;6.463553E-5;4.485431E-5
2.819812E1;6.469706E-5;4.496759E-5;6.450778E-5;4.494116E-5;6.455244E-5;4.470378E-5;6.477354E-5;4.474394E-5;6.463080E-5;4.485360E-5
2.826478E1;6.468150E-5;4.496912E-5;6.449346E-5;4.494141E-5;6.453808E-5;4.470476E-5;6.475783E-5;4.474487E-5;6.461419E-5;4.485623E-5
2.833144E1;6.468978E-5;4.499219E-5;6.450080E-5;4.496501E-5;6.454635E-5;4.472750E-5;6.476715E-5;4.476729E-5;6.462393E-5;4.487829E-5
2.839811E1;6.469646E-5;4.498117E-5;6.450878E-5;4.495755E-5;6.455299E-5;4.471692E-5;6.477543E-5;4.475335E-5;6.463153E-5;4.486536E-5
2.846477E1;6.469861E-5;4.497176E-5;6.451172E-5;4.494569E-5;6.455475E-5;4.470676E-5;6.477774E-5;4.474545E-5;6.463366E-5;4.485686E-5
2.853143E1;6.469506E-5;4.496469E-5;6.450782E-5;4.493942E-5;6.455116E-5;4.469987E-5;6.477242E-5;4.473765E-5;6.462906E-5;4.484961E-5
2.859809E1;6.469811E-5;4.495755E-5;6.451032E-5;4.493331E-5;6.455480E-5;4.469392E-5;6.477481E-5;4.472969E-5;6.463191E-5;4.484211E-5
2.866476E1;6.468685E-5;4.495838E-5;6.449866E-5;4.493292E-5;6.454352E-5;4.469375E-5;6.476411E-5;4.473109E-5;6.462133E-5;4.484329E-5
2.873142E1;6.468326E-5;4.496863E-5;6.449571E-5;4.494313E-5;6.453918E-5;4.470442E-5;6.476258E-5;4.474264E-5;6.461875E-5;4.485352E-5
2.879808E1;6.469984E-5;4.497201E-5;6.451204E-5;4.494773E-5;6.455678E-5;4.470765E-5;6.477848E-5;4.474600E-5;6.463398E-5;4.485728E-5
2.886474E1;6.470116E-5;4.497409E-5;6.451306E-5;4.494811E-5;6.455733E-5;4.470954E-5;6.478075E-5;4.474711E-5;6.463716E-5;4.485981E-5
2.893140E1;6.469001E-5;4.496814E-5;6.450288E-5;4.494332E-5;6.454630E-5;4.470384E-5;6.476893E-5;4.474225E-5;6.462512E-5;4.485371E-5
2.899807E1;6.470032E-5;4.494975E-5;6.450802E-5;4.492999E-5;6.455610E-5;4.468632E-5;6.478008E-5;4.472491E-5;6.463572E-5;4.483545E-5
2.906473E1;6.469941E-5;4.494725E-5;6.451309E-5;4.492077E-5;6.455497E-5;4.468283E-5;6.477598E-5;4.472202E-5;6.463265E-5;4.483298E-5
2.913139E1;6.468739E-5;4.496676E-5;6.449989E-5;4.494003E-5;6.454366E-5;4.470264E-5;6.476498E-5;4.474048E-5;6.462180E-5;4.485159E-5
2.919805E1;6.468513E-5;4.497051E-5;6.449952E-5;4.494366E-5;6.454130E-5;4.470618E-5;6.476314E-5;4.474324E-5;6.461938E-5;4.485571E-5
2.926472E1;6.469613E-5;4.497015E-5;6.450870E-5;4.494430E-5;6.455294E-5;4.470540E-5;6.477525E-5;4.474267E-5;6.463082E-5;4.485559E-5
2.933138E1;6.469401E-5;4.496437E-5;6.450711E-5;4.493963E-5;6.455047E-5;4.470021E-5;6.477232E-5;4.473833E-5;6.462802E-5;4.484987E-5
2.939804E1;6.468772E-5;4.496328E-5;6.450108E-5;4.493702E-5;6.454378E-5;4.469935E-5;6.476723E-5;4.473657E-5;6.462334E-5;4.484875E-5
2.946470E1;6.468024E-5;4.495679E-5;6.449086E-5;4.493377E-5;6.453703E-5;4.469254E-5;6.475747E-5;4.473418E-5;6.461408E-5;4.484299E-5
2.953136E1;6.470136E-5;4.496541E-5;6.451441E-5;4.494045E-5;6.455800E-5;4.470068E-5;6.477850E-5;4.474058E-5;6.463492E-5;4.485185E-5
2.959803E1;6.470006E-5;4.498696E-5;6.451096E-5;4.496169E-5;6.455666E-5;4.472219E-5;6.477779E-5;4.476093E-5;6.463417E-5;4.487336E-5
2.966469E1;6.469686E-5;4.496719E-5;6.450844E-5;4.494417E-5;6.455334E-5;4.470306E-5;6.477610E-5;4.474184E-5;6.463240E-5;4.485238E-5
2.973135E1;6.471439E-5;4.497905E-5;6.452543E-5;4.495417E-5;6.457076E-5;4.471471E-5;6.479462E-5;4.475413E-5;6.465021E-5;4.486532E-5
2.979801E1;6.469111E-5;4.497994E-5;6.450154E-5;4.495423E-5;6.454710E-5;4.471561E-5;6.476959E-5;4.475115E-5;6.462599E-5;4.486435E-5
2.986468E1;6.470181E-5;4.498182E-5;6.451616E-5;4.495677E-5;6.455780E-5;4.471748E-5;6.478111E-5;4.475743E-5;6.463756E-5;4.486792E-5
2.993134E1;6.468055E-5;4.495475E-5;6.449534E-5;4.493001E-5;6.453704E-5;4.469094E-5;6.475834E-5;4.472886E-5;6.461470E-5;4.483941E-5
2.999800E1;6.469556E-5;4.494921E-5;6.450850E-5;4.492406E-5;6.455172E-5;4.468479E-5;6.477379E-5;4.472289E-5;6.463013E-5;4.483407E-5
3.006466E1;6.467976E-5;4.496539E-5;6.449188E-5;4.493861E-5;6.453590E-5;4.470073E-5;6.475795E-5;4.473672E-5;6.461462E-5;4.484923E-5
3.013132E1;6.468372E-5;4.498109E-5;6.449446E-5;4.495622E-5;6.454023E-5;4.471610E-5;6.476247E-5;4.475361E-5;6.461834E-5;4.486605E-5
3.019799E1;6.470965E-5;4.498221E-5;6.452123E-5;4.495662E-5;6.456608E-5;4.471782E-5;6.478909E-5;4.475604E-5;6.464515E-5;4.486757E-5
3.026465E1;6.468250E-5;4.497069E-5;6.449416E-5;4.494430E-5;6.453839E-5;4.470635E-5;6.475863E-5;4.474189E-5;6.461633E-5;4.485465E-5
3.033131E1;6.468972E-5;4.498841E-5;6.449771E-5;4.496307E-5;6.454619E-5;4.472375E-5;6.476865E-5;4.476029E-5;6.462451E-5;4.487256E-5
3.039797E1;6.469051E-5;4.496266E-5;6.450097E-5;4.493551E-5;6.454675E-5;4.469765E-5;6.477003E-5;4.473292E-5;6.462539E-5;4.484650E-5
3.046464E1;6.470794E-5;4.494570E-5;6.451663E-5;4.492399E-5;6.456434E-5;4.468179E-5;6.478716E-5;4.471850E-5;6.464383E-5;4.482895E-5
3.053130E1;6.472088E-5;4.492449E-5;6.453024E-5;4.489841E-5;6.457683E-5;4.465999E-5;6.479962E-5;4.470187E-5;6.465603E-5;4.481185E-5
3.059796E1;6.471223E-5;4.495895E-5;6.452668E-5;4.493438E-5;6.456859E-5;4.469462E-5;6.479008E-5;4.473235E-5;6.464676E-5;4.484386E-5
3.066462E1;6.469626E-5;4.495411E-5;6.450771E-5;4.493108E-5;6.455231E-5;4.468995E-5;6.477547E-5;4.472789E-5;6.463132E-5;4.483910E-5
3.073128E1;6.469985E-5;4.496255E-5;6.451081E-5;4.493821E-5;6.455626E-5;4.469829E-5;6.477856E-5;4.473602E-5;6.463426E-5;4.484745E-5
3.079795E1;6.469844E-5;4.494113E-5;6.451080E-5;4.492047E-5;6.455531E-5;4.467731E-5;6.477762E-5;4.471408E-5;6.463132E-5;4.482566E-5
3.086461E1;6.470739E-5;4.496750E-5;6.451894E-5;4.494328E-5;6.456377E-5;4.470269E-5;6.478488E-5;4.474248E-5;6.464214E-5;4.485121E-5
3.093127E1;6.471682E-5;4.494857E-5;6.452867E-5;4.492485E-5;6.457321E-5;4.468342E-5;6.479448E-5;4.472068E-5;6.465048E-5;4.483247E-5
3.099793E1;6.467236E-5;4.499513E-5;6.448656E-5;4.496580E-5;6.452859E-5;4.473096E-5;6.475043E-5;4.476962E-5;6.460672E-5;4.488252E-5
3.106460E1;6.468296E-5;4.497422E-5;6.449528E-5;4.494888E-5;6.453949E-5;4.471003E-5;6.476076E-5;4.474602E-5;6.461818E-5;4.485771E-5
3.113126E1;6.468480E-5;4.497819E-5;6.449677E-5;4.495313E-5;6.454093E-5;4.471434E-5;6.476498E-5;4.475251E-5;6.462123E-5;4.486378E-5
3.119792E1;6.471273E-5;4.492599E-5;6.452458E-5;4.490414E-5;6.456852E-5;4.466270E-5;6.479134E-5;4.470155E-5;6.464781E-5;4.481283E-5
3.126458E1;6.468776E-5;4.499750E-5;6.450135E-5;4.497245E-5;6.454444E-5;4.473314E-5;6.476629E-5;4.477096E-5;6.462307E-5;4.488279E-5
3.133124E1;6.470726E-5;4.497301E-5;6.451711E-5;4.494886E-5;6.456295E-5;4.470820E-5;6.478591E-5;4.474485E-5;6.464131E-5;4.485707E-5
3.139791E1;6.469981E-5;4.496507E-5;6.451057E-5;4.494042E-5;6.455633E-5;4.470113E-5;6.477795E-5;4.474055E-5;6.463478E-5;4.485108E-5
3.146457E1;6.468292E-5;4.499188E-5;6.449645E-5;4.496655E-5;6.453928E-5;4.472751E-5;6.476175E-5;4.476679E-5;6.461776E-5;4.487863E-5
3.153123E1;6.468350E-5;4.497986E-5;6.449621E-5;4.495395E-5;6.453994E-5;4.471528E-5;6.476256E-5;4.475608E-5;6.461866E-5;4.486668E-5
3.159789E1;6.470443E-5;4.498501E-5;6.451864E-5;4.495916E-5;6.456108E-5;4.472046E-5;6.478298E-5;4.475868E-5;6.463977E-5;4.487094E-5
3.166456E1;6.469688E-5;4.496981E-5;6.451085E-5;4.494430E-5;6.455366E-5;4.470517E-5;6.477504E-5;4.474281E-5;6.463114E-5;4.485512E-5
3.173122E1;6.468797E-5;4.497384E-5;6.450166E-5;4.494784E-5;6.454471E-5;4.470936E-5;6.476640E-5;4.474719E-5;6.462264E-5;4.485938E-5
3.179788E1;6.470153E-5;4.497094E-5;6.451313E-5;4.494457E-5;6.455826E-5;4.470643E-5;6.478047E-5;4.474352E-5;6.463640E-5;4.485641E-5
3.186454E1;6.469923E-5;4.497832E-5;6.451453E-5;4.495172E-5;6.455599E-5;4.471403E-5;6.477730E-5;4.475102E-5;6.463326E-5;4.486402E-5
3.193120E1;6.470186E-5;4.498228E-5;6.451383E-5;4.495611E-5;6.455835E-5;4.471806E-5;6.478018E-5;4.475705E-5;6.463602E-5;4.486893E-5
3.199787E1;6.469699E-5;4.495057E-5;6.450684E-5;4.492842E-5;6.455310E-5;4.468713E-5;6.477615E-5;4.472444E-5;6.463226E-5;4.483604E-5
3.206453E1;6.470125E-5;4.497405E-5;6.451257E-5;4.494653E-5;6.455762E-5;4.470957E-5;6.477976E-5;4.474764E-5;6.463598E-5;4.485943E-5
3.213119E1;6.471013E-5;4.495419E-5;6.452367E-5;4.493280E-5;6.456678E-5;4.468975E-5;6.478882E-5;4.472730E-5;6.464452E-5;4.483847E-5
3.219785E1;6.469742E-5;4.494166E-5;6.450829E-5;4.491744E-5;6.455353E-5;4.467835E-5;6.477518E-5;4.471227E-5;6.463185E-5;4.482565E-5
3.226452E1;6.469654E-5;4.494391E-5;6.450671E-5;4.491945E-5;6.455179E-5;4.467924E-5;6.477386E-5;4.472133E-5;6.463114E-5;4.482833E-5
3.233118E1;6.469899E-5;4.495214E-5;6.451291E-5;4.492493E-5;6.455485E-5;4.468811E-5;6.477841E-5;4.472894E-5;6.463471E-5;4.483836E-5
3.239784E1;6.469433E-5;4.496065E-5;6.450702E-5;4.493342E-5;6.455081E-5;4.469631E-5;6.477267E-5;4.473638E-5;6.462872E-5;4.484664E-5
3.246450E1;6.468804E-5;4.496376E-5;6.449906E-5;4.493850E-5;6.454459E-5;4.469985E-5;6.476655E-5;4.473687E-5;6.462281E-5;4.484869E-5
3.253116E1;6.470936E-5;4.494842E-5;6.452075E-5;4.492291E-5;6.456545E-5;4.468431E-5;6.478826E-5;4.472155E-5;6.464438E-5;4.483285E-5
3.259783E1;6.469579E-5;4.494098E-5;6.450637E-5;4.491728E-5;6.455219E-5;4.467666E-5;6.477478E-5;4.471588E-5;6.463139E-5;4.482537E-5
3.266449E1;6.470797E-5;4.495752E-5;6.451971E-5;4.492983E-5;6.456450E-5;4.469334E-5;6.478625E-5;4.473109E-5;6.464224E-5;4.484081E-5
3.273115E1;6.468534E-5;4.496042E-5;6.450092E-5;4.492974E-5;6.454172E-5;4.469629E-5;6.476329E-5;4.473420E-5;6.461921E-5;4.484659E-5
3.279781E1;6.470812E-5;4.496859E-5;6.452226E-5;4.493900E-5;6.456486E-5;4.470383E-5;6.478618E-5;4.474533E-5;6.464205E-5;4.485545E-5
3.286448E1;6.472335E-5;4.494279E-5;6.453747E-5;4.491406E-5;6.457989E-5;4.467896E-5;6.479975E-5;4.472009E-5;6.465621E-5;4.483072E-5
3.293114E1;6.471150E-5;4.496909E-5;6.452469E-5;4.494065E-5;6.456794E-5;4.470506E-5;6.478868E-5;4.474515E-5;6.464460E-5;4.485775E-5
3.299780E1;6.467760E-5;4.497760E-5;6.448984E-5;4.495397E-5;6.453428E-5;4.471285E-5;6.475486E-5;4.474825E-5;6.461141E-5;4.486233E-5
3.306446E1;6.467923E-5;4.497463E-5;6.449095E-5;4.494944E-5;6.453623E-5;4.471091E-5;6.475583E-5;4.475088E-5;6.461245E-5;4.486189E-5
3.313112E1;6.469333E-5;4.492717E-5;6.450313E-5;4.490810E-5;6.454885E-5;4.466365E-5;6.477392E-5;4.470210E-5;6.463032E-5;4.481249E-5
3.319779E1;6.473305E-5;4.490876E-5;6.453824E-5;4.488804E-5;6.458994E-5;4.464454E-5;6.481518E-5;4.467961E-5;6.466918E-5;4.479307E-5
3.326445E1;6.471669E-5;4.493233E-5;6.452482E-5;4.491167E-5;6.457301E-5;4.466860E-5;6.479466E-5;4.469845E-5;6.465164E-5;4.481633E-5
3.333111E1;6.472384E-5;4.493969E-5;6.453604E-5;4.491707E-5;6.458077E-5;4.467587E-5;6.480044E-5;4.471503E-5;6.465737E-5;4.482563E-5
3.339777E1;6.471103E-5;4.498685E-5;6.452218E-5;4.496347E-5;6.456807E-5;4.472331E-5;6.478878E-5;4.476084E-5;6.464526E-5;4.487507E-5
3.346444E1;6.467284E-5;4.501240E-5;6.448807E-5;4.498437E-5;6.452951E-5;4.474788E-5;6.474910E-5;4.479008E-5;6.460629E-5;4.489941E-5
3.353110E1;6.470501E-5;4.498257E-5;6.451584E-5;4.495755E-5;6.456137E-5;4.471885E-5;6.478461E-5;4.475917E-5;6.464143E-5;4.486997E-5
3.359776E1;6.470835E-5;4.493984E-5;6.451957E-5;4.491542E-5;6.456462E-5;4.467568E-5;6.478715E-5;4.471050E-5;6.464282E-5;4.482385E-5
3.366442E1;6.469364E-5;4.498059E-5;6.450495E-5;4.495430E-5;6.454960E-5;4.471626E-5;6.477247E-5;4.475550E-5;6.462879E-5;4.486673E-5
3.373108E1;6.468670E-5;4.500093E-5;6.449963E-5;4.497333E-5;6.454280E-5;4.473646E-5;6.476409E-5;4.477590E-5;6.462048E-5;4.488711E-5
3.379775E1;6.468045E-5;4.498585E-5;6.449339E-5;4.495963E-5;6.453672E-5;4.472114E-5;6.475937E-5;4.475931E-5;6.461575E-5;4.486962E-5
3.386441E1;6.469747E-5;4.497864E-5;6.450803E-5;4.495422E-5;6.455360E-5;4.471420E-5;6.477280E-5;4.475145E-5;6.463115E-5;4.486232E-5
3.393107E1;6.471029E-5;4.494438E-5;6.452147E-5;4.491948E-5;6.456679E-5;4.468056E-5;6.478858E-5;4.471516E-5;6.464459E-5;4.482770E-5
3.399773E1;6.471087E-5;4.493231E-5;6.452056E-5;4.491002E-5;6.456750E-5;4.466731E-5;6.478776E-5;4.470633E-5;6.464465E-5;4.481803E-5
3.406440E1;6.470529E-5;4.494102E-5;6.451567E-5;4.491664E-5;6.456165E-5;4.467690E-5;6.478305E-5;4.471604E-5;6.463933E-5;4.482698E-5
3.413106E1;6.467682E-5;4.500610E-5;6.449218E-5;4.497487E-5;6.453323E-5;4.474199E-5;6.475265E-5;4.477994E-5;6.460989E-5;4.489000E-5
3.419772E1;6.469082E-5;4.499225E-5;6.450123E-5;4.496694E-5;6.454693E-5;4.472723E-5;6.476927E-5;4.476582E-5;6.462582E-5;4.487614E-5
3.426438E1;6.469491E-5;4.497022E-5;6.450784E-5;4.494606E-5;6.455166E-5;4.470598E-5;6.477355E-5;4.474755E-5;6.462924E-5;4.485815E-5
3.433104E1;6.470517E-5;4.495205E-5;6.451903E-5;4.492707E-5;6.456192E-5;4.468841E-5;6.478393E-5;4.472603E-5;6.463975E-5;4.483852E-5
3.439771E1;6.470489E-5;4.493328E-5;6.451907E-5;4.490909E-5;6.456163E-5;4.466941E-5;6.478244E-5;4.470512E-5;6.463811E-5;4.481837E-5
3.446437E1;6.469691E-5;4.497350E-5;6.450940E-5;4.494862E-5;6.455308E-5;4.470999E-5;6.477647E-5;4.474540E-5;6.463284E-5;4.485789E-5
3.453103E1;6.468779E-5;4.497507E-5;6.450391E-5;4.494694E-5;6.454396E-5;4.471088E-5;6.476596E-5;4.474808E-5;6.462209E-5;4.486014E-5
3.459769E1;6.468483E-5;4.496415E-5;6.449676E-5;4.493932E-5;6.454107E-5;4.470011E-5;6.476206E-5;4.473941E-5;6.461861E-5;4.484978E-5
3.466436E1;6.467694E-5;4.497560E-5;6.449258E-5;4.494635E-5;6.453316E-5;4.471155E-5;6.475466E-5;4.475243E-5;6.461069E-5;4.486269E-5
3.473102E1;6.469476E-5;4.496864E-5;6.451016E-5;4.494088E-5;6.455106E-5;4.470478E-5;6.477412E-5;4.474264E-5;6.463042E-5;4.485366E-5
3.479768E1;6.471437E-5;4.494401E-5;6.452947E-5;4.491361E-5;6.457052E-5;4.467919E-5;6.479264E-5;4.471864E-5;6.464853E-5;4.482938E-5
3.486434E1;6.471222E-5;4.498979E-5;6.452387E-5;4.496140E-5;6.456952E-5;4.472458E-5;6.479032E-5;4.475884E-5;6.464661E-5;4.487378E-5
3.493100E1;6.471837E-5;4.496536E-5;6.452927E-5;4.493880E-5;6.457526E-5;4.470137E-5;6.479843E-5;4.473981E-5;6.465313E-5;4.485174E-5
3.499767E1;6.471322E-5;4.496701E-5;6.452603E-5;4.494151E-5;6.456979E-5;4.470229E-5;6.479063E-5;4.473927E-5;6.464675E-5;4.485205E-5
3.506433E1;6.470932E-5;4.496483E-5;6.452375E-5;4.494070E-5;6.456611E-5;4.470085E-5;6.478676E-5;4.473622E-5;6.464325E-5;4.485010E-5
3.513099E1;6.471075E-5;4.495093E-5;6.452455E-5;4.492961E-5;6.456726E-5;4.468693E-5;6.478969E-5;4.472549E-5;6.464522E-5;4.483740E-5
3.519765E1;6.468435E-5;4.498388E-5;6.450017E-5;4.495707E-5;6.454108E-5;4.472024E-5;6.475918E-5;4.476106E-5;6.461697E-5;4.487089E-5
3.526432E1;6.470206E-5;4.497611E-5;6.451524E-5;4.495082E-5;6.455802E-5;4.471163E-5;6.478080E-5;4.474872E-5;6.463740E-5;4.486101E-5
3.533098E1;6.468541E-5;4.498404E-5;6.449977E-5;4.495715E-5;6.454168E-5;4.471986E-5;6.476280E-5;4.475892E-5;6.461919E-5;4.486982E-5
3.539764E1;6.466864E-5;4.497026E-5;6.448489E-5;4.494700E-5;6.452567E-5;4.470569E-5;6.474957E-5;4.474602E-5;6.460505E-5;4.485615E-5
3.546430E1;6.468030E-5;4.497448E-5;6.449226E-5;4.495035E-5;6.453667E-5;4.471001E-5;6.475997E-5;4.474803E-5;6.461517E-5;4.485942E-5
3.553096E1;6.470657E-5;4.498378E-5;6.451842E-5;4.495924E-5;6.456312E-5;4.471915E-5;6.478457E-5;4.475661E-5;6.464109E-5;4.486920E-5
3.559763E1;6.469594E-5;4.495358E-5;6.450976E-5;4.492918E-5;6.455265E-5;4.468909E-5;6.477343E-5;4.472803E-5;6.462945E-5;4.483830E-5
3.566429E1;6.468513E-5;4.496672E-5;6.449767E-5;4.494119E-5;6.454184E-5;4.470272E-5;6.476354E-5;4.474146E-5;6.461917E-5;4.485266E-5
3.573095E1;6.469479E-5;4.496508E-5;6.450621E-5;4.494072E-5;6.455085E-5;4.470072E-5;6.477288E-5;4.473740E-5;6.462884E-5;4.484886E-5
3.579761E1;6.469206E-5;4.496978E-5;6.450428E-5;4.494490E-5;6.454824E-5;4.470543E-5;6.477086E-5;4.474333E-5;6.462670E-5;4.485444E-5
3.586428E1;6.469496E-5;4.496327E-5;6.450647E-5;4.493769E-5;6.455142E-5;4.469902E-5;6.477513E-5;4.473690E-5;6.463051E-5;4.484839E-5
3.593094E1;6.470392E-5;4.497674E-5;6.451731E-5;4.495222E-5;6.456001E-5;4.471263E-5;6.478217E-5;4.475116E-5;6.463825E-5;4.486279E-5
3.599760E1;6.469251E-5;4.496965E-5;6.450464E-5;4.494358E-5;6.454857E-5;4.470505E-5;6.477151E-5;4.474197E-5;6.462733E-5;4.485411E-5
3.606426E1;6.471056E-5;4.493118E-5;6.451998E-5;4.491111E-5;6.456685E-5;4.466680E-5;6.478910E-5;4.470363E-5;6.464468E-5;4.481631E-5
3.613092E1;6.471994E-5;4.495545E-5;6.453133E-5;4.493342E-5;6.457652E-5;4.469168E-5;6.479957E-5;4.472783E-5;6.465524E-5;4.483832E-5
3.619759E1;6.469188E-5;4.499193E-5;6.450560E-5;4.496310E-5;6.454913E-5;4.472692E-5;6.476962E-5;4.476452E-5;6.462567E-5;4.487679E-5
3.626425E1;6.468748E-5;4.495700E-5;6.450058E-5;4.492977E-5;6.454360E-5;4.469216E-5;6.476467E-5;4.473109E-5;6.462121E-5;4.484215E-5
3.633091E1;6.469842E-5;4.496231E-5;6.451132E-5;4.493729E-5;6.455475E-5;4.469840E-5;6.477567E-5;4.473688E-5;6.463201E-5;4.484857E-5
3.639757E1;6.468699E-5;4.495765E-5;6.449932E-5;4.493211E-5;6.454295E-5;4.469381E-5;6.476311E-5;4.473350E-5;6.462062E-5;4.484295E-5
3.646424E1;6.467918E-5;4.495574E-5;6.449295E-5;4.493013E-5;6.453508E-5;4.469133E-5;6.475768E-5;4.472803E-5;6.461390E-5;4.483948E-5
3.653090E1;6.468942E-5;4.497768E-5;6.450311E-5;4.495330E-5;6.454653E-5;4.471284E-5;6.476689E-5;4.475242E-5;6.462331E-5;4.486286E-5
3.659756E1;6.471499E-5;4.494755E-5;6.452517E-5;4.492438E-5;6.457092E-5;4.468317E-5;6.479221E-5;4.472027E-5;6.464829E-5;4.483156E-5
3.666422E1;6.473008E-5;4.495713E-5;6.453781E-5;4.493379E-5;6.458736E-5;4.469238E-5;6.481103E-5;4.473052E-5;6.466506E-5;4.484310E-5
3.673088E1;6.469079E-5;4.497011E-5;6.450217E-5;4.494386E-5;6.454670E-5;4.470570E-5;6.476840E-5;4.474397E-5;6.462461E-5;4.485478E-5
3.679755E1;6.470518E-5;4.494500E-5;6.451611E-5;4.492138E-5;6.456156E-5;4.468149E-5;6.478489E-5;4.472221E-5;6.464087E-5;4.483114E-5
3.686421E1;6.470133E-5;4.495915E-5;6.451264E-5;4.493369E-5;6.455707E-5;4.469475E-5;6.477934E-5;4.473346E-5;6.463552E-5;4.484460E-5
3.693087E1;6.470295E-5;4.497447E-5;6.451404E-5;4.494960E-5;6.455959E-5;4.470953E-5;6.477969E-5;4.474759E-5;6.463698E-5;4.485964E-5
3.699753E1;6.468297E-5;4.499826E-5;6.449742E-5;4.497176E-5;6.453995E-5;4.473370E-5;6.475990E-5;4.477383E-5;6.461656E-5;4.488350E-5
3.706420E1;6.468644E-5;4.499050E-5;6.449824E-5;4.496469E-5;6.454307E-5;4.472576E-5;6.476569E-5;4.476640E-5;6.462144E-5;4.487713E-5
3.713086E1;6.468295E-5;4.496521E-5;6.449744E-5;4.494013E-5;6.453967E-5;4.470006E-5;6.476068E-5;4.473924E-5;6.461664E-5;4.484960E-5
3.719752E1;6.469550E-5;4.495379E-5;6.450905E-5;4.492792E-5;6.455211E-5;4.468964E-5;6.477271E-5;4.472815E-5;6.462935E-5;4.483850E-5
3.726418E1;6.469362E-5;4.496976E-5;6.450793E-5;4.494428E-5;6.455022E-5;4.470527E-5;6.477116E-5;4.474218E-5;6.462787E-5;4.485428E-5
3.733084E1;6.469414E-5;4.496860E-5;6.450559E-5;4.494256E-5;6.454995E-5;4.470372E-5;6.477417E-5;4.474332E-5;6.462972E-5;4.485391E-5
3.739751E1;6.469088E-5;4.497103E-5;6.450350E-5;4.494659E-5;6.454731E-5;4.470656E-5;6.476840E-5;4.474661E-5;6.462471E-5;4.485690E-5
3.746417E1;6.470215E-5;4.495708E-5;6.451343E-5;4.493097E-5;6.455839E-5;4.469217E-5;6.477976E-5;4.473180E-5;6.463589E-5;4.484255E-5
3.753083E1;6.468969E-5;4.497527E-5;6.450250E-5;4.495064E-5;6.454672E-5;4.471078E-5;6.476804E-5;4.474797E-5;6.462349E-5;4.486071E-5
3.759749E1;6.468179E-5;4.499447E-5;6.449101E-5;4.496741E-5;6.453757E-5;4.472945E-5;6.476110E-5;4.476951E-5;6.461759E-5;4.488039E-5
3.766416E1;6.468342E-5;4.497591E-5;6.449550E-5;4.494836E-5;6.453975E-5;4.471192E-5;6.475983E-5;4.474801E-5;6.461701E-5;4.486134E-5
3.773082E1;6.469169E-5;4.496128E-5;6.450315E-5;4.493509E-5;6.454779E-5;4.469711E-5;6.476908E-5;4.473471E-5;6.462587E-5;4.484618E-5
3.779748E1;6.469224E-5;4.494821E-5;6.450551E-5;4.492230E-5;6.454844E-5;4.468345E-5;6.476927E-5;4.472078E-5;6.462563E-5;4.483228E-5
3.786414E1;6.469350E-5;4.494269E-5;6.450480E-5;4.491843E-5;6.454982E-5;4.467792E-5;6.477057E-5;4.471636E-5;6.462762E-5;4.482816E-5
3.793080E1;6.470219E-5;4.497763E-5;6.451009E-5;4.495048E-5;6.455841E-5;4.471311E-5;6.477978E-5;4.475128E-5;6.463687E-5;4.486359E-5
3.799747E1;6.470450E-5;4.497378E-5;6.451715E-5;4.494865E-5;6.456047E-5;4.471009E-5;6.478291E-5;4.474860E-5;6.463942E-5;4.485935E-5
3.806413E1;6.469069E-5;4.496243E-5;6.450423E-5;4.493863E-5;6.454670E-5;4.469843E-5;6.476770E-5;4.473537E-5;6.462468E-5;4.484593E-5
3.813079E1;6.469461E-5;4.498053E-5;6.450528E-5;4.495757E-5;6.455073E-5;4.471633E-5;6.477411E-5;4.475530E-5;6.463023E-5;4.486576E-5
3.819745E1;6.471882E-5;4.498960E-5;6.453146E-5;4.496532E-5;6.457542E-5;4.472519E-5;6.479743E-5;4.476025E-5;6.465314E-5;4.487321E-5
3.826412E1;6.471638E-5;4.496854E-5;6.452751E-5;4.494430E-5;6.457318E-5;4.470416E-5;6.479539E-5;4.474134E-5;6.465102E-5;4.485308E-5
3.833078E1;6.468626E-5;4.498222E-5;6.449872E-5;4.495702E-5;6.454294E-5;4.471749E-5;6.476374E-5;4.475604E-5;6.461990E-5;4.486783E-5
3.839744E1;6.467557E-5;4.497138E-5;6.448844E-5;4.494562E-5;6.453158E-5;4.470707E-5;6.475490E-5;4.474577E-5;6.461067E-5;4.485774E-5
3.846410E1;6.468573E-5;4.496176E-5;6.449894E-5;4.493480E-5;6.454204E-5;4.469766E-5;6.476477E-5;4.473485E-5;6.462006E-5;4.484658E-5
3.853076E1;6.470132E-5;4.495856E-5;6.451392E-5;4.493376E-5;6.455865E-5;4.469397E-5;6.477980E-5;4.473207E-5;6.463511E-5;4.484349E-5
3.859743E1;6.470651E-5;4.497876E-5;6.451903E-5;4.495322E-5;6.456331E-5;4.471415E-5;6.478472E-5;4.475409E-5;6.464032E-5;4.486501E-5
3.866409E1;6.469407E-5;4.496723E-5;6.450538E-5;4.494149E-5;6.455048E-5;4.470319E-5;6.477281E-5;4.474096E-5;6.462908E-5;4.485204E-5
3.873075E1;6.469415E-5;4.497477E-5;6.450638E-5;4.495005E-5;6.455047E-5;4.471032E-5;6.477451E-5;4.474770E-5;6.462961E-5;4.486007E-5
3.879741E1;6.469644E-5;4.497870E-5;6.450701E-5;4.495281E-5;6.455335E-5;4.471381E-5;6.477540E-5;4.475014E-5;6.463177E-5;4.486388E-5
3.886408E1;6.470132E-5;4.496694E-5;6.451481E-5;4.494318E-5;6.455829E-5;4.470256E-5;6.477981E-5;4.473955E-5;6.463628E-5;4.485233E-5
3.893074E1;6.469805E-5;4.496954E-5;6.450983E-5;4.494402E-5;6.455514E-5;4.470522E-5;6.477566E-5;4.474010E-5;6.463229E-5;4.485348E-5
3.899740E1;6.469689E-5;4.495638E-5;6.450695E-5;4.493125E-5;6.455330E-5;4.469149E-5;6.477444E-5;4.472678E-5;6.463069E-5;4.484003E-5
3.906406E1;6.471611E-5;4.493584E-5;6.452613E-5;4.491343E-5;6.457245E-5;4.467167E-5;6.479265E-5;4.470950E-5;6.464941E-5;4.482096E-5
3.913072E1;6.470088E-5;4.495284E-5;6.451168E-5;4.493076E-5;6.455643E-5;4.468839E-5;6.477846E-5;4.472741E-5;6.463512E-5;4.483776E-5
3.919739E1;6.468746E-5;4.498347E-5;6.449980E-5;4.495837E-5;6.454376E-5;4.471926E-5;6.476606E-5;4.475860E-5;6.462208E-5;4.486958E-5
3.926405E1;6.467733E-5;4.497788E-5;6.448906E-5;4.495016E-5;6.453343E-5;4.471286E-5;6.475449E-5;4.475218E-5;6.461116E-5;4.486215E-5
3.933071E1;6.468922E-5;4.495836E-5;6.450195E-5;4.493347E-5;6.454544E-5;4.469384E-5;6.476745E-5;4.473170E-5;6.462350E-5;4.484352E-5
3.939737E1;6.469795E-5;4.499347E-5;6.450869E-5;4.496897E-5;6.455411E-5;4.472950E-5;6.477511E-5;4.476720E-5;6.463189E-5;4.487878E-5
3.946404E1;6.469577E-5;4.498058E-5;6.450732E-5;4.495617E-5;6.455214E-5;4.471622E-5;6.477300E-5;4.475421E-5;6.463044E-5;4.486515E-5
3.953070E1;6.469837E-5;4.496377E-5;6.450998E-5;4.493829E-5;6.455497E-5;4.469954E-5;6.477661E-5;4.473622E-5;6.463265E-5;4.484857E-5
3.959736E1;6.469629E-5;4.497297E-5;6.450638E-5;4.494701E-5;6.455315E-5;4.470861E-5;6.477495E-5;4.474453E-5;6.463164E-5;4.485722E-5
3.966402E1;6.468692E-5;4.495347E-5;6.449795E-5;4.492689E-5;6.454351E-5;4.468918E-5;6.476464E-5;4.472501E-5;6.462121E-5;4.483772E-5
3.973068E1;6.469647E-5;4.494875E-5;6.450954E-5;4.492475E-5;6.455346E-5;4.468446E-5;6.477377E-5;4.472279E-5;6.463016E-5;4.483362E-5
3.979735E1;6.468243E-5;4.497070E-5;6.449426E-5;4.494574E-5;6.453922E-5;4.470609E-5;6.475917E-5;4.474375E-5;6.461484E-5;4.485550E-5
3.986401E1;6.470172E-5;4.497050E-5;6.451396E-5;4.494481E-5;6.455835E-5;4.470620E-5;6.477826E-5;4.474567E-5;6.463509E-5;4.485656E-5
3.993067E1;6.469253E-5;4.498653E-5;6.450464E-5;4.495845E-5;6.454869E-5;4.472237E-5;6.477191E-5;4.476134E-5;6.462795E-5;4.487354E-5
3.999733E1;6.470577E-5;4.497339E-5;6.451938E-5;4.494864E-5;6.456266E-5;4.470935E-5;6.478318E-5;4.474778E-5;6.463911E-5;4.485959E-5
4.006400E1;6.469850E-5;4.494586E-5;6.451062E-5;4.492070E-5;6.455517E-5;4.468099E-5;6.477431E-5;4.471890E-5;6.463035E-5;4.483026E-5
4.013066E1;6.468512E-5;4.495152E-5;6.449845E-5;4.492699E-5;6.454166E-5;4.468758E-5;6.476139E-5;4.472654E-5;6.461757E-5;4.483782E-5
4.019732E1;6.468405E-5;4.497579E-5;6.449539E-5;4.494940E-5;6.453981E-5;4.471146E-5;6.476327E-5;4.474830E-5;6.461887E-5;4.486017E-5
4.026398E1;6.471056E-5;4.498394E-5;6.452264E-5;4.495932E-5;6.456721E-5;4.471939E-5;6.478925E-5;4.475830E-5;6.464524E-5;4.486970E-5
4.033064E1;6.471672E-5;4.498865E-5;6.452827E-5;4.496362E-5;6.457267E-5;4.472351E-5;6.479557E-5;4.476276E-5;6.465159E-5;4.487439E-5
4.039731E1;6.471305E-5;4.496181E-5;6.452428E-5;4.493935E-5;6.456931E-5;4.469795E-5;6.479168E-5;4.473698E-5;6.464782E-5;4.484848E-5
4.046397E1;6.471157E-5;4.497477E-5;6.452313E-5;4.494909E-5;6.456801E-5;4.471017E-5;6.479047E-5;4.474871E-5;6.464670E-5;4.486058E-5
4.053063E1;6.468187E-5;4.495272E-5;6.449444E-5;4.492808E-5;6.453821E-5;4.468878E-5;6.475965E-5;4.472849E-5;6.461595E-5;4.483819E-5
4.059729E1;6.469648E-5;4.495770E-5;6.450474E-5;4.493527E-5;6.455201E-5;4.469337E-5;6.477337E-5;4.472958E-5;6.463086E-5;4.484141E-5
4.066396E1;6.469796E-5;4.493810E-5;6.450786E-5;4.491297E-5;6.455372E-5;4.467329E-5;6.477667E-5;4.470887E-5;6.463290E-5;4.482203E-5
4.073062E1;6.467447E-5;4.496466E-5;6.448672E-5;4.493980E-5;6.453069E-5;4.470027E-5;6.475139E-5;4.473763E-5;6.460822E-5;4.485002E-5
4.079728E1;6.467224E-5;4.496689E-5;6.448418E-5;4.494073E-5;6.452820E-5;4.470267E-5;6.474727E-5;4.474072E-5;6.460514E-5;4.485146E-5
4.086394E1;6.470209E-5;4.497690E-5;6.451539E-5;4.495157E-5;6.455861E-5;4.471188E-5;6.477930E-5;4.475039E-5;6.463584E-5;4.486236E-5
4.093060E1;6.469462E-5;4.497680E-5;6.450936E-5;4.495229E-5;6.455070E-5;4.471232E-5;6.477197E-5;4.475142E-5;6.462843E-5;4.486228E-5
4.099727E1;6.469327E-5;4.497073E-5;6.450477E-5;4.494811E-5;6.454915E-5;4.470727E-5;6.476979E-5;4.474286E-5;6.462729E-5;4.485460E-5
4.106393E1;6.470065E-5;4.496795E-5;6.451295E-5;4.494423E-5;6.455683E-5;4.470380E-5;6.478082E-5;4.474257E-5;6.463687E-5;4.485335E-5
4.113059E1;6.472144E-5;4.495039E-5;6.452989E-5;4.492513E-5;6.457785E-5;4.468629E-5;6.480067E-5;4.472075E-5;6.465764E-5;4.483437E-5
4.119725E1;6.469091E-5;4.495984E-5;6.450230E-5;4.493538E-5;6.454666E-5;4.469571E-5;6.476944E-5;4.473562E-5;6.462577E-5;4.484561E-5
4.126392E1;6.468937E-5;4.499447E-5;6.449974E-5;4.496929E-5;6.454570E-5;4.472915E-5;6.476740E-5;4.476458E-5;6.462375E-5;4.487752E-5
4.133058E1;6.468958E-5;4.497573E-5;6.450347E-5;4.495001E-5;6.454608E-5;4.471032E-5;6.476839E-5;4.474995E-5;6.462418E-5;4.486129E-5
4.139724E1;6.469549E-5;4.496974E-5;6.450829E-5;4.494348E-5;6.455154E-5;4.470480E-5;6.477429E-5;4.474096E-5;6.463017E-5;4.485332E-5
4.146390E1;6.470585E-5;4.496621E-5;6.451485E-5;4.494061E-5;6.456213E-5;4.470115E-5;6.478337E-5;4.474268E-5;6.463995E-5;4.485201E-5
4.153056E1;6.469189E-5;4.498588E-5;6.450515E-5;4.496298E-5;6.454821E-5;4.472114E-5;6.477025E-5;4.475929E-5;6.462680E-5;4.487007E-5
4.159723E1;6.469000E-5;4.497128E-5;6.450165E-5;4.494720E-5;6.454651E-5;4.470650E-5;6.476863E-5;4.474445E-5;6.462498E-5;4.485624E-5
4.166389E1;6.470729E-5;4.497342E-5;6.451895E-5;4.494843E-5;6.456337E-5;4.470876E-5;6.478461E-5;4.474743E-5;6.464093E-5;4.485838E-5
4.173055E1;6.470605E-5;4.498421E-5;6.451870E-5;4.496031E-5;6.456281E-5;4.472048E-5;6.478371E-5;4.475543E-5;6.463975E-5;4.486897E-5
4.179721E1;6.470317E-5;4.494999E-5;6.451286E-5;4.492520E-5;6.455864E-5;4.468552E-5;6.478278E-5;4.472388E-5;6.463864E-5;4.483418E-5
4.186388E1;6.470798E-5;4.495793E-5;6.452068E-5;4.493210E-5;6.456471E-5;4.469358E-5;6.478570E-5;4.473487E-5;6.464139E-5;4.484433E-5
4.193054E1;6.469514E-5;4.497589E-5;6.450839E-5;4.495085E-5;6.455185E-5;4.471169E-5;6.477363E-5;4.475029E-5;6.463025E-5;4.486101E-5
