#multi:
;masa A;;masa B;;masa C;;masa D;;
t;x;y;x;y;x;y;x;y;
0,000000E0;2,786692E-5;-4,514432E-5;2,685801E-5;-4,463535E-5;2,832351E-5;-4,394933E-5;2,753030E-5;-4,519900E-5
6,666222E-2;2,781611E-5;-4,511415E-5;2,684371E-5;-4,451945E-5;2,829117E-5;-4,397262E-5;2,753635E-5;-4,519329E-5
1,333244E-1;2,782024E-5;-4,509646E-5;2,681441E-5;-4,447938E-5;2,831645E-5;-4,385098E-5;2,753370E-5;-4,516497E-5
1,999867E-1;2,786265E-5;-4,514066E-5;2,687039E-5;-4,454869E-5;2,850730E-5;-4,385269E-5;2,753970E-5;-4,517199E-5
2,666489E-1;2,783120E-5;-4,513400E-5;2,682770E-5;-4,450785E-5;2,829532E-5;-4,384008E-5;2,758728E-5;-4,515188E-5
3,333111E-1;2,785933E-5;-4,515149E-5;2,686423E-5;-4,453843E-5;2,818818E-5;-4,382081E-5;2,756996E-5;-4,520711E-5
3,999733E-1;2,788259E-5;-4,516329E-5;2,686103E-5;-4,458185E-5;2,827722E-5;-4,395065E-5;2,756826E-5;-4,519333E-5
4,666356E-1;2,797889E-5;-4,518674E-5;2,698094E-5;-4,465061E-5;2,842010E-5;-4,394494E-5;2,768670E-5;-4,529267E-5
5,332978E-1;2,785070E-5;-4,506880E-5;2,686182E-5;-4,451051E-5;2,826336E-5;-4,386957E-5;2,758650E-5;-4,516781E-5
5,999600E-1;2,785358E-5;-4,506858E-5;2,685970E-5;-4,451194E-5;2,839661E-5;-4,395911E-5;2,756806E-5;-4,513227E-5
6,666222E-1;2,788075E-5;-4,505859E-5;2,687391E-5;-4,453819E-5;2,842095E-5;-4,394376E-5;2,757107E-5;-4,517745E-5
7,332844E-1;2,794619E-5;-4,503970E-5;2,693805E-5;-4,450665E-5;2,847094E-5;-4,390435E-5;2,766201E-5;-4,517156E-5
7,999467E-1;2,800147E-5;-4,508058E-5;2,697520E-5;-4,460860E-5;2,847003E-5;-4,392247E-5;2,783609E-5;-4,517959E-5
8,666089E-1;2,799268E-5;-4,505092E-5;2,696907E-5;-4,459433E-5;2,843967E-5;-4,393532E-5;2,776511E-5;-4,514269E-5
9,332711E-1;2,791790E-5;-4,499833E-5;2,690889E-5;-4,456629E-5;2,846285E-5;-4,391184E-5;2,767078E-5;-4,518355E-5
9,999333E-1;2,795780E-5;-4,507465E-5;2,697338E-5;-4,456160E-5;2,825448E-5;-4,385934E-5;2,783546E-5;-4,515463E-5
1,066596E0;2,788295E-5;-4,506042E-5;2,688901E-5;-4,457654E-5;2,840180E-5;-4,394668E-5;2,769489E-5;-4,520194E-5
1,133258E0;2,796681E-5;-4,512060E-5;2,696092E-5;-4,460750E-5;2,838806E-5;-4,396348E-5;2,781385E-5;-4,521050E-5
1,199920E0;2,782328E-5;-4,502197E-5;2,682939E-5;-4,448327E-5;2,837176E-5;-4,392013E-5;2,759359E-5;-4,511491E-5
1,266582E0;2,786945E-5;-4,508572E-5;2,685418E-5;-4,459252E-5;2,826934E-5;-4,399588E-5;2,764113E-5;-4,527373E-5
1,333244E0;2,795732E-5;-4,504912E-5;2,697196E-5;-4,454657E-5;2,839484E-5;-4,395534E-5;2,773927E-5;-4,515882E-5
1,399907E0;2,789755E-5;-4,499555E-5;2,689190E-5;-4,454087E-5;2,841734E-5;-4,392551E-5;2,767626E-5;-4,511680E-5
1,466569E0;2,797599E-5;-4,499019E-5;2,696629E-5;-4,449428E-5;2,839762E-5;-4,384290E-5;2,777025E-5;-4,508907E-5
1,533231E0;2,793473E-5;-4,505762E-5;2,694140E-5;-4,450490E-5;2,835336E-5;-4,386029E-5;2,769021E-5;-4,515977E-5
1,599893E0;2,798050E-5;-4,505379E-5;2,698784E-5;-4,455947E-5;2,841040E-5;-4,394489E-5;2,785205E-5;-4,494932E-5
1,666556E0;2,807747E-5;-4,505292E-5;2,708171E-5;-4,454076E-5;2,851682E-5;-4,393778E-5;2,786210E-5;-4,512166E-5
1,733218E0;2,801397E-5;-4,505534E-5;2,698555E-5;-4,459768E-5;2,849584E-5;-4,393782E-5;2,788449E-5;-4,510491E-5
1,799880E0;2,797343E-5;-4,498722E-5;2,696891E-5;-4,450579E-5;2,834852E-5;-4,384318E-5;2,785883E-5;-4,507190E-5
1,866542E0;2,793253E-5;-4,501422E-5;2,691095E-5;-4,456653E-5;2,826797E-5;-4,383698E-5;2,768039E-5;-4,516304E-5
1,933204E0;2,789578E-5;-4,504906E-5;2,686095E-5;-4,453652E-5;2,838394E-5;-4,394174E-5;2,786174E-5;-4,504686E-5
1,999867E0;2,786861E-5;-4,512841E-5;2,683804E-5;-4,458565E-5;2,841602E-5;-4,404454E-5;2,770992E-5;-4,516472E-5
2,066529E0;2,792492E-5;-4,511464E-5;2,687359E-5;-4,462590E-5;2,843209E-5;-4,392839E-5;2,797366E-5;-4,499813E-5
2,133191E0;2,788999E-5;-4,512180E-5;2,686296E-5;-4,462573E-5;2,839242E-5;-4,396355E-5;2,787995E-5;-4,506819E-5
2,199853E0;2,789559E-5;-4,514059E-5;2,686837E-5;-4,463982E-5;2,843365E-5;-4,395889E-5;2,784075E-5;-4,517742E-5
2,266516E0;2,794316E-5;-4,516016E-5;2,695172E-5;-4,463367E-5;2,832164E-5;-4,395094E-5;2,789270E-5;-4,523556E-5
2,333178E0;2,799692E-5;-4,516671E-5;2,699738E-5;-4,465354E-5;2,839091E-5;-4,399429E-5;2,785599E-5;-4,523213E-5
2,399840E0;2,795504E-5;-4,514342E-5;2,696585E-5;-4,462591E-5;2,828954E-5;-4,395653E-5;2,779767E-5;-4,522466E-5
2,466502E0;2,797992E-5;-4,509092E-5;2,696708E-5;-4,460429E-5;2,837512E-5;-4,390691E-5;2,777903E-5;-4,515272E-5
2,533164E0;2,798678E-5;-4,513515E-5;2,698416E-5;-4,464555E-5;2,842305E-5;-4,390946E-5;2,789493E-5;-4,513875E-5
2,599827E0;2,786730E-5;-4,510336E-5;2,685694E-5;-4,460192E-5;2,847732E-5;-4,402008E-5;2,768787E-5;-4,520875E-5
2,666489E0;2,778264E-5;-4,500475E-5;2,682810E-5;-4,441482E-5;2,821058E-5;-4,382215E-5;2,771042E-5;-4,496676E-5
2,733151E0;2,773945E-5;-4,500543E-5;2,678316E-5;-4,444615E-5;2,834599E-5;-4,389218E-5;2,758117E-5;-4,496673E-5
2,799813E0;2,782394E-5;-4,510049E-5;2,684084E-5;-4,452232E-5;2,833975E-5;-4,393138E-5;2,758189E-5;-4,500621E-5
2,866476E0;2,786044E-5;-4,504446E-5;2,687213E-5;-4,443579E-5;2,834416E-5;-4,371594E-5;2,784380E-5;-4,497964E-5
2,933138E0;2,784746E-5;-4,513482E-5;2,682537E-5;-4,447551E-5;2,841775E-5;-4,384576E-5;2,795595E-5;-4,497626E-5
2,999800E0;2,792948E-5;-4,516571E-5;2,687275E-5;-4,460150E-5;2,866000E-5;-4,410172E-5;2,793601E-5;-4,491591E-5
3,066462E0;2,793320E-5;-4,513446E-5;2,686288E-5;-4,460250E-5;2,851780E-5;-4,386385E-5;2,770468E-5;-4,501488E-5
3,133124E0;2,792127E-5;-4,515516E-5;2,682540E-5;-4,457697E-5;2,866400E-5;-4,399214E-5;2,790652E-5;-4,500580E-5
3,199787E0;2,791295E-5;-4,511755E-5;2,687096E-5;-4,455051E-5;2,844091E-5;-4,371453E-5;2,773889E-5;-4,495677E-5
3,266449E0;2,787780E-5;-4,515779E-5;2,685337E-5;-4,453554E-5;2,844091E-5;-4,371453E-5;2,784713E-5;-4,493795E-5
3,333111E0;2,788297E-5;-4,515950E-5;2,686277E-5;-4,453802E-5;2,844091E-5;-4,371453E-5;2,770285E-5;-4,497456E-5
3,399773E0;2,795427E-5;-4,505935E-5;2,689759E-5;-4,453010E-5;2,857750E-5;-4,391693E-5;2,783939E-5;-4,495372E-5
3,466436E0;2,795645E-5;-4,507111E-5;2,688595E-5;-4,454631E-5;2,850198E-5;-4,387770E-5;2,783248E-5;-4,500456E-5
3,533098E0;2,799882E-5;-4,512673E-5;2,696209E-5;-4,452774E-5;2,846798E-5;-4,390058E-5;2,788225E-5;-4,500141E-5
3,599760E0;2,793675E-5;-4,513241E-5;2,689931E-5;-4,457142E-5;2,836158E-5;-4,389209E-5;2,780826E-5;-4,497818E-5
3,666422E0;2,788060E-5;-4,516034E-5;2,682763E-5;-4,450950E-5;2,837885E-5;-4,386910E-5;2,790319E-5;-4,488800E-5
3,733084E0;2,785409E-5;-4,513631E-5;2,683299E-5;-4,450502E-5;2,834616E-5;-4,391873E-5;2,769868E-5;-4,502164E-5
3,799747E0;2,788433E-5;-4,512058E-5;2,685903E-5;-4,451879E-5;2,853087E-5;-4,396486E-5;2,775779E-5;-4,505665E-5
3,866409E0;2,797107E-5;-4,509912E-5;2,696172E-5;-4,450561E-5;2,854708E-5;-4,384992E-5;2,785567E-5;-4,496180E-5
3,933071E0;2,785556E-5;-4,514354E-5;2,685511E-5;-4,451530E-5;2,861549E-5;-4,394774E-5;2,761996E-5;-4,504081E-5
3,999733E0;2,791328E-5;-4,518432E-5;2,687199E-5;-4,461263E-5;2,864501E-5;-4,399158E-5;2,793855E-5;-4,487991E-5
4,066396E0;2,789621E-5;-4,516471E-5;2,685929E-5;-4,460095E-5;2,850054E-5;-4,387958E-5;2,765052E-5;-4,509010E-5
4,133058E0;2,787491E-5;-4,509325E-5;2,686189E-5;-4,452567E-5;2,862303E-5;-4,397773E-5;2,769026E-5;-4,494769E-5
4,199720E0;2,787261E-5;-4,516178E-5;2,687678E-5;-4,456286E-5;2,855270E-5;-4,386275E-5;2,784511E-5;-4,490093E-5
4,266382E0;2,784274E-5;-4,513094E-5;2,683695E-5;-4,449412E-5;2,860390E-5;-4,403153E-5;2,795958E-5;-4,496466E-5
4,333044E0;2,789215E-5;-4,510535E-5;2,687339E-5;-4,452175E-5;2,852633E-5;-4,394750E-5;2,774202E-5;-4,493353E-5
4,399707E0;2,793287E-5;-4,510921E-5;2,697695E-5;-4,445005E-5;2,843704E-5;-4,376249E-5;2,770054E-5;-4,499051E-5
4,466369E0;2,797605E-5;-4,512902E-5;2,697797E-5;-4,452206E-5;2,853817E-5;-4,390413E-5;2,780467E-5;-4,499116E-5
4,533031E0;2,799982E-5;-4,513066E-5;2,700379E-5;-4,454520E-5;2,853952E-5;-4,386926E-5;2,791782E-5;-4,498574E-5
4,599693E0;2,796732E-5;-4,519009E-5;2,697852E-5;-4,453744E-5;2,844153E-5;-4,386399E-5;2,780266E-5;-4,494968E-5
4,666356E0;2,795926E-5;-4,520656E-5;2,697928E-5;-4,454641E-5;2,851574E-5;-4,387490E-5;2,780741E-5;-4,498214E-5
4,733018E0;2,792593E-5;-4,517932E-5;2,689518E-5;-4,455374E-5;2,855202E-5;-4,395588E-5;2,782632E-5;-4,494185E-5
4,799680E0;2,791597E-5;-4,523851E-5;2,688512E-5;-4,457295E-5;2,853225E-5;-4,386555E-5;2,762498E-5;-4,517757E-5
4,866342E0;2,791977E-5;-4,526901E-5;2,686252E-5;-4,461891E-5;2,856264E-5;-4,390181E-5;2,782530E-5;-4,516692E-5
4,933004E0;2,787609E-5;-4,518816E-5;2,685016E-5;-4,451374E-5;2,836563E-5;-4,386925E-5;2,782517E-5;-4,497972E-5
4,999667E0;2,786194E-5;-4,514679E-5;2,684214E-5;-4,449976E-5;2,861653E-5;-4,400855E-5;2,770209E-5;-4,500941E-5
5,066329E0;2,787058E-5;-4,515331E-5;2,685251E-5;-4,451017E-5;2,861604E-5;-4,400957E-5;2,773934E-5;-4,498571E-5
5,132991E0;2,782576E-5;-4,514868E-5;2,682556E-5;-4,446845E-5;2,830190E-5;-4,386899E-5;2,786799E-5;-4,500238E-5
5,199653E0;2,788474E-5;-4,514919E-5;2,686598E-5;-4,452733E-5;;;2,769983E-5;-4,498851E-5
5,266316E0;2,793346E-5;-4,516476E-5;2,695017E-5;-4,449608E-5;2,851960E-5;-4,384822E-5;2,768835E-5;-4,516858E-5
5,332978E0;2,788583E-5;-4,513265E-5;2,686827E-5;-4,451797E-5;2,847677E-5;-4,391538E-5;2,777360E-5;-4,499687E-5
5,399640E0;2,783887E-5;-4,513516E-5;2,683345E-5;-4,448605E-5;2,863852E-5;-4,408316E-5;2,776732E-5;-4,496544E-5
5,466302E0;2,793243E-5;-4,514964E-5;2,694576E-5;-4,449383E-5;;;2,782946E-5;-4,496434E-5
5,532964E0;2,791520E-5;-4,524219E-5;2,688454E-5;-4,465163E-5;2,871910E-5;-4,416053E-5;2,778760E-5;-4,509051E-5
5,599627E0;2,790904E-5;-4,524283E-5;2,689493E-5;-4,465198E-5;2,829151E-5;-4,393734E-5;2,783724E-5;-4,495540E-5
5,666289E0;2,795805E-5;-4,520243E-5;2,693840E-5;-4,459284E-5;2,844676E-5;-4,393015E-5;2,781445E-5;-4,509295E-5
5,732951E0;2,784699E-5;-4,517402E-5;2,686351E-5;-4,454915E-5;2,859901E-5;-4,402262E-5;2,776422E-5;-4,499649E-5
5,799613E0;2,785980E-5;-4,520932E-5;2,686228E-5;-4,461699E-5;2,853655E-5;-4,406982E-5;2,786853E-5;-4,496037E-5
5,866276E0;2,785741E-5;-4,520758E-5;2,686694E-5;-4,462321E-5;2,850269E-5;-4,407893E-5;2,783523E-5;-4,487819E-5
5,932938E0;2,786998E-5;-4,512167E-5;2,686729E-5;-4,453330E-5;2,852615E-5;-4,395410E-5;2,770320E-5;-4,499543E-5
5,999600E0;2,786352E-5;-4,513706E-5;2,685289E-5;-4,451205E-5;2,839881E-5;-4,387853E-5;2,782660E-5;-4,490127E-5
6,066262E0;2,776223E-5;-4,520504E-5;2,674891E-5;-4,462523E-5;2,838374E-5;-4,388370E-5;2,775916E-5;-4,497948E-5
6,132924E0;2,772107E-5;-4,520478E-5;2,671249E-5;-4,459896E-5;2,825085E-5;-4,379352E-5;2,772567E-5;-4,495906E-5
6,199587E0;2,779888E-5;-4,517094E-5;2,678603E-5;-4,455704E-5;2,827743E-5;-4,385871E-5;2,771270E-5;-4,495409E-5
6,266249E0;2,782426E-5;-4,514837E-5;2,681979E-5;-4,448165E-5;2,833432E-5;-4,382683E-5;2,782058E-5;-4,495340E-5
6,332911E0;2,790250E-5;-4,518344E-5;2,690059E-5;-4,457368E-5;2,848366E-5;-4,383766E-5;2,782590E-5;-4,494123E-5
6,399573E0;2,787976E-5;-4,517154E-5;2,688012E-5;-4,454966E-5;2,843271E-5;-4,383238E-5;2,770884E-5;-4,495340E-5
6,466236E0;2,788285E-5;-4,517258E-5;2,689586E-5;-4,457260E-5;2,841273E-5;-4,385522E-5;2,782418E-5;-4,498918E-5
6,532898E0;2,785895E-5;-4,514833E-5;2,686686E-5;-4,451937E-5;2,850724E-5;-4,397273E-5;2,783628E-5;-4,496584E-5
6,599560E0;2,793281E-5;-4,522876E-5;2,697060E-5;-4,451593E-5;2,855670E-5;-4,405958E-5;2,781129E-5;-4,517481E-5
6,666222E0;2,794945E-5;-4,523002E-5;2,697675E-5;-4,454298E-5;2,867067E-5;-4,415051E-5;2,783445E-5;-4,514509E-5
6,732884E0;2,788351E-5;-4,515206E-5;2,686845E-5;-4,449450E-5;2,857324E-5;-4,403539E-5;2,770210E-5;-4,499869E-5
6,799547E0;2,789046E-5;-4,514597E-5;2,687480E-5;-4,451328E-5;2,857346E-5;-4,401517E-5;2,784751E-5;-4,498548E-5
6,866209E0;2,791711E-5;-4,515387E-5;2,692056E-5;-4,447751E-5;2,850840E-5;-4,399305E-5;2,784004E-5;-4,500828E-5
6,932871E0;2,786035E-5;-4,514171E-5;2,688320E-5;-4,453289E-5;2,863046E-5;-4,409489E-5;2,787202E-5;-4,500033E-5
6,999533E0;2,788120E-5;-4,515728E-5;2,688811E-5;-4,453777E-5;2,852968E-5;-4,399911E-5;2,783259E-5;-4,497201E-5
7,066196E0;2,786573E-5;-4,513254E-5;2,686644E-5;-4,452726E-5;2,854738E-5;-4,395328E-5;2,786979E-5;-4,497283E-5
7,132858E0;2,786380E-5;-4,516468E-5;2,686285E-5;-4,454008E-5;2,847402E-5;-4,383737E-5;2,784365E-5;-4,494526E-5
7,199520E0;2,793957E-5;-4,512956E-5;2,693741E-5;-4,450062E-5;2,852766E-5;-4,383562E-5;2,782725E-5;-4,499251E-5
7,266182E0;2,791457E-5;-4,517622E-5;2,690881E-5;-4,457433E-5;2,854763E-5;-4,385118E-5;2,784075E-5;-4,494030E-5
7,332844E0;2,788549E-5;-4,518504E-5;2,686010E-5;-4,459900E-5;2,842085E-5;-4,384209E-5;2,791393E-5;-4,488404E-5
7,399507E0;2,787590E-5;-4,506787E-5;2,685860E-5;-4,450872E-5;2,858453E-5;-4,390788E-5;2,793610E-5;-4,478024E-5
7,466169E0;2,787794E-5;-4,505135E-5;2,686502E-5;-4,451832E-5;2,844240E-5;-4,364429E-5;2,782902E-5;-4,495778E-5
7,532831E0;2,788324E-5;-4,503905E-5;2,687452E-5;-4,452076E-5;2,866631E-5;-4,392628E-5;2,783668E-5;-4,493636E-5
7,599493E0;2,784067E-5;-4,513182E-5;2,684384E-5;-4,452316E-5;2,861929E-5;-4,374455E-5;2,779016E-5;-4,498758E-5
7,666156E0;2,785384E-5;-4,511838E-5;2,684769E-5;-4,451709E-5;2,865090E-5;-4,395325E-5;2,784299E-5;-4,495878E-5
7,732818E0;2,787141E-5;-4,515395E-5;2,688161E-5;-4,455978E-5;2,853106E-5;-4,370206E-5;2,769043E-5;-4,512769E-5
7,799480E0;2,785464E-5;-4,513143E-5;2,684432E-5;-4,450395E-5;2,859122E-5;-4,390956E-5;2,788463E-5;-4,500145E-5
7,866142E0;2,789913E-5;-4,514777E-5;2,689625E-5;-4,455667E-5;2,864496E-5;-4,399159E-5;2,783975E-5;-4,497100E-5
7,932804E0;2,788542E-5;-4,518548E-5;2,684800E-5;-4,459894E-5;2,874216E-5;-4,411081E-5;2,781234E-5;-4,501357E-5
7,999467E0;2,781919E-5;-4,508066E-5;2,685412E-5;-4,445338E-5;2,851177E-5;-4,389003E-5;2,784755E-5;-4,478085E-5
8,066129E0;2,784202E-5;-4,505006E-5;2,685356E-5;-4,442461E-5;2,845002E-5;-4,371555E-5;2,767936E-5;-4,494966E-5
8,132791E0;2,780158E-5;-4,509900E-5;2,684236E-5;-4,442890E-5;2,878195E-5;-4,430416E-5;2,769692E-5;-4,496622E-5
8,199453E0;2,784972E-5;-4,513434E-5;2,685633E-5;-4,451314E-5;2,886475E-5;-4,444781E-5;2,780486E-5;-4,500631E-5
8,266116E0;2,794316E-5;-4,515710E-5;2,697740E-5;-4,454102E-5;2,886067E-5;-4,431508E-5;2,788095E-5;-4,501290E-5
8,332778E0;2,795900E-5;-4,521252E-5;2,696021E-5;-4,459054E-5;2,878274E-5;-4,404000E-5;2,782747E-5;-4,515929E-5
8,399440E0;2,798735E-5;-4,519090E-5;2,697141E-5;-4,459346E-5;2,868087E-5;-4,397552E-5;2,789145E-5;-4,499015E-5
8,466102E0;2,792558E-5;-4,513630E-5;2,695431E-5;-4,450327E-5;2,865218E-5;-4,396570E-5;2,775061E-5;-4,500526E-5
8,532764E0;2,790509E-5;-4,521899E-5;2,698245E-5;-4,457055E-5;2,869333E-5;-4,393129E-5;2,785412E-5;-4,498340E-5
8,599427E0;2,782463E-5;-4,522599E-5;2,685013E-5;-4,459162E-5;2,864571E-5;-4,410710E-5;2,785071E-5;-4,499154E-5
8,666089E0;2,792183E-5;-4,508428E-5;2,698016E-5;-4,443821E-5;2,864327E-5;-4,388520E-5;2,785112E-5;-4,493711E-5
8,732751E0;2,782254E-5;-4,509402E-5;2,685682E-5;-4,450130E-5;2,852796E-5;-4,384505E-5;2,777012E-5;-4,496822E-5
8,799413E0;2,789153E-5;-4,510052E-5;2,697136E-5;-4,442998E-5;2,866330E-5;-4,391628E-5;2,770606E-5;-4,498882E-5
8,866076E0;2,790264E-5;-4,517747E-5;2,696446E-5;-4,451340E-5;2,867266E-5;-4,401576E-5;2,782518E-5;-4,500729E-5
8,932738E0;2,785397E-5;-4,522441E-5;2,695776E-5;-4,452883E-5;2,878730E-5;-4,428919E-5;2,786785E-5;-4,495380E-5
8,999400E0;2,790015E-5;-4,514812E-5;2,696417E-5;-4,448814E-5;2,865619E-5;-4,397408E-5;2,780345E-5;-4,498920E-5
9,066062E0;2,789795E-5;-4,520739E-5;2,696761E-5;-4,459357E-5;2,865803E-5;-4,395525E-5;2,783705E-5;-4,499223E-5
9,132724E0;2,783330E-5;-4,518958E-5;2,686758E-5;-4,459114E-5;2,853065E-5;-4,387225E-5;2,769720E-5;-4,501585E-5
9,199387E0;2,787287E-5;-4,520469E-5;2,698699E-5;-4,456301E-5;2,870537E-5;-4,402559E-5;2,789820E-5;-4,489300E-5
9,266049E0;2,783944E-5;-4,519097E-5;2,686007E-5;-4,459928E-5;2,865262E-5;-4,396395E-5;2,778581E-5;-4,498520E-5
9,332711E0;2,786619E-5;-4,516622E-5;2,687664E-5;-4,460527E-5;2,855888E-5;-4,382799E-5;2,779232E-5;-4,493891E-5
9,399373E0;2,781379E-5;-4,505254E-5;2,687035E-5;-4,445477E-5;2,852702E-5;-4,387305E-5;2,775898E-5;-4,494266E-5
9,466036E0;2,776221E-5;-4,505635E-5;2,675535E-5;-4,447463E-5;2,852827E-5;-4,396859E-5;2,760148E-5;-4,496524E-5
9,532698E0;2,786133E-5;-4,506531E-5;2,685558E-5;-4,451796E-5;2,852783E-5;-4,384947E-5;2,774356E-5;-4,497396E-5
9,599360E0;2,784132E-5;-4,509077E-5;2,682214E-5;-4,449436E-5;2,852979E-5;-4,398179E-5;;
9,666022E0;2,792922E-5;-4,515899E-5;2,696494E-5;-4,455479E-5;2,856418E-5;-4,393301E-5;2,782919E-5;-4,506037E-5
9,732684E0;2,789121E-5;-4,517890E-5;2,687701E-5;-4,463129E-5;2,854993E-5;-4,394141E-5;2,783412E-5;-4,504711E-5
9,799347E0;2,794130E-5;-4,512979E-5;2,697580E-5;-4,454914E-5;2,843928E-5;-4,384895E-5;2,780447E-5;-4,503193E-5
9,866009E0;2,788283E-5;-4,514341E-5;2,685898E-5;-4,459387E-5;2,844257E-5;-4,383348E-5;2,777497E-5;-4,505963E-5
9,932671E0;2,785704E-5;-4,505885E-5;2,685488E-5;-4,450230E-5;2,846466E-5;-4,390313E-5;2,766887E-5;-4,507050E-5
9,999333E0;2,790447E-5;-4,505980E-5;2,689466E-5;-4,455128E-5;2,840757E-5;-4,388853E-5;2,770302E-5;-4,506214E-5
1,006600E1;2,788143E-5;-4,501910E-5;2,686670E-5;-4,450178E-5;2,842912E-5;-4,378416E-5;2,770875E-5;-4,507588E-5
1,013266E1;2,786247E-5;-4,501497E-5;2,684840E-5;-4,448530E-5;2,856160E-5;-4,389427E-5;2,786192E-5;-4,505004E-5
1,019932E1;2,792015E-5;-4,505357E-5;2,692720E-5;-4,448433E-5;2,852399E-5;-4,387125E-5;2,785562E-5;-4,507887E-5
1,026598E1;2,794441E-5;-4,506134E-5;2,698038E-5;-4,454178E-5;2,854748E-5;-4,394985E-5;2,782435E-5;-4,509946E-5
1,033264E1;2,784387E-5;-4,510230E-5;2,686828E-5;-4,453241E-5;2,849395E-5;-4,402048E-5;2,770139E-5;-4,506573E-5
1,039931E1;2,784455E-5;-4,508870E-5;2,686178E-5;-4,451400E-5;2,850766E-5;-4,410549E-5;2,777743E-5;-4,506694E-5
1,046597E1;2,796235E-5;-4,512619E-5;2,698203E-5;-4,454891E-5;2,854883E-5;-4,402928E-5;2,788768E-5;-4,507698E-5
1,053263E1;2,787318E-5;-4,513758E-5;2,687195E-5;-4,454309E-5;2,851202E-5;-4,409594E-5;2,784767E-5;-4,507144E-5
1,059929E1;2,791017E-5;-4,508791E-5;2,696861E-5;-4,442800E-5;2,855851E-5;-4,402402E-5;2,789697E-5;-4,507384E-5
1,066596E1;2,789759E-5;-4,512253E-5;2,698092E-5;-4,444098E-5;2,856912E-5;-4,401314E-5;2,782477E-5;-4,508111E-5
1,073262E1;2,801648E-5;-4,514135E-5;2,707056E-5;-4,449384E-5;2,853973E-5;-4,398315E-5;2,785792E-5;-4,512717E-5
1,079928E1;2,785610E-5;-4,517455E-5;2,689721E-5;-4,455723E-5;2,853878E-5;-4,406429E-5;2,786664E-5;-4,509970E-5
1,086594E1;2,783846E-5;-4,512221E-5;2,685743E-5;-4,449638E-5;2,855691E-5;-4,401915E-5;2,769386E-5;-4,509223E-5
1,093260E1;2,787100E-5;-4,514311E-5;2,686452E-5;-4,450315E-5;2,859164E-5;-4,401796E-5;2,784357E-5;-4,508062E-5
1,099927E1;2,789327E-5;-4,512787E-5;2,689290E-5;-4,452265E-5;2,854188E-5;-4,393531E-5;2,770134E-5;-4,509324E-5
1,106593E1;2,790501E-5;-4,520020E-5;2,696359E-5;-4,453224E-5;2,864152E-5;-4,408553E-5;2,784350E-5;-4,502772E-5
1,113259E1;2,787749E-5;-4,513912E-5;2,691130E-5;-4,455002E-5;2,861257E-5;-4,401385E-5;2,770180E-5;-4,509238E-5
1,119925E1;2,780377E-5;-4,510385E-5;2,675659E-5;-4,446262E-5;2,852124E-5;-4,408743E-5;;
1,126592E1;2,777349E-5;-4,510769E-5;2,684398E-5;-4,442952E-5;2,844438E-5;-4,393515E-5;2,760608E-5;-4,506785E-5
1,133258E1;2,777145E-5;-4,510583E-5;2,686047E-5;-4,443827E-5;2,851456E-5;-4,399422E-5;2,766394E-5;-4,506754E-5
1,139924E1;2,786799E-5;-4,517011E-5;2,692745E-5;-4,447109E-5;2,850889E-5;-4,400401E-5;2,770423E-5;-4,509531E-5
1,146590E1;2,779210E-5;-4,516077E-5;2,686434E-5;-4,451114E-5;2,842593E-5;-4,392098E-5;2,761890E-5;-4,509753E-5
1,153256E1;2,777196E-5;-4,519209E-5;2,686556E-5;-4,453513E-5;2,841664E-5;-4,397773E-5;2,789035E-5;-4,496891E-5
1,159923E1;2,787618E-5;-4,510386E-5;2,696942E-5;-4,450076E-5;2,854508E-5;-4,392723E-5;2,787661E-5;-4,502281E-5
1,166589E1;2,787495E-5;-4,515760E-5;2,697435E-5;-4,453215E-5;2,852548E-5;-4,396845E-5;2,783982E-5;-4,510760E-5
1,173255E1;2,794318E-5;-4,515490E-5;2,699720E-5;-4,461710E-5;2,855657E-5;-4,393743E-5;2,781870E-5;-4,508483E-5
1,179921E1;2,785857E-5;-4,512964E-5;2,694061E-5;-4,448205E-5;2,850860E-5;-4,397129E-5;2,784051E-5;-4,503227E-5
1,186588E1;2,780857E-5;-4,510871E-5;2,687694E-5;-4,451637E-5;2,839476E-5;-4,386457E-5;2,769563E-5;-4,508004E-5
1,193254E1;2,781539E-5;-4,513070E-5;2,685451E-5;-4,451883E-5;2,843110E-5;-4,382812E-5;2,767914E-5;-4,506913E-5
1,199920E1;2,797430E-5;-4,514919E-5;2,697024E-5;-4,458697E-5;2,851128E-5;-4,387952E-5;2,784759E-5;-4,505091E-5
1,206586E1;2,789956E-5;-4,513912E-5;2,693381E-5;-4,446882E-5;2,851959E-5;-4,386769E-5;2,785661E-5;-4,506391E-5
1,213252E1;2,787175E-5;-4,516070E-5;2,693819E-5;-4,447200E-5;2,835882E-5;-4,371141E-5;2,781582E-5;-4,504323E-5
1,219919E1;2,787693E-5;-4,515636E-5;2,695052E-5;-4,450105E-5;2,850922E-5;-4,386665E-5;2,783000E-5;-4,507285E-5
1,226585E1;2,783640E-5;-4,513189E-5;2,696459E-5;-4,442460E-5;2,843806E-5;-4,371512E-5;2,770637E-5;-4,506248E-5
1,233251E1;2,791687E-5;-4,513570E-5;2,697759E-5;-4,450841E-5;2,853763E-5;-4,382829E-5;2,785967E-5;-4,508862E-5
1,239917E1;2,785746E-5;-4,513379E-5;2,696616E-5;-4,444291E-5;2,854428E-5;-4,383920E-5;2,782935E-5;-4,504526E-5
1,246584E1;2,776954E-5;-4,516053E-5;2,685568E-5;-4,448103E-5;2,855610E-5;-4,394998E-5;2,769408E-5;-4,509671E-5
1,253250E1;2,782026E-5;-4,516115E-5;2,688664E-5;-4,452642E-5;2,854763E-5;-4,393847E-5;2,782705E-5;-4,508130E-5
1,259916E1;2,781675E-5;-4,508730E-5;2,685102E-5;-4,447521E-5;2,853188E-5;-4,385069E-5;2,770067E-5;-4,502610E-5
1,266582E1;2,785371E-5;-4,517675E-5;2,689148E-5;-4,454628E-5;2,853599E-5;-4,397604E-5;2,783511E-5;-4,508099E-5
1,273248E1;2,777104E-5;-4,506331E-5;2,684930E-5;-4,432632E-5;2,853110E-5;-4,397237E-5;2,764608E-5;-4,493198E-5
1,279915E1;2,782534E-5;-4,512451E-5;2,684959E-5;-4,449052E-5;2,839042E-5;-4,387492E-5;2,768038E-5;-4,504385E-5
1,286581E1;2,786749E-5;-4,512848E-5;2,695647E-5;-4,441431E-5;2,850038E-5;-4,388087E-5;2,782986E-5;-4,507367E-5
1,293247E1;2,785186E-5;-4,514478E-5;2,695537E-5;-4,440599E-5;2,857832E-5;-4,390711E-5;2,783125E-5;-4,506974E-5
1,299913E1;2,789920E-5;-4,518186E-5;2,696466E-5;-4,448920E-5;2,843840E-5;-4,383483E-5;2,784708E-5;-4,507983E-5
1,306580E1;2,786727E-5;-4,513846E-5;2,698340E-5;-4,443777E-5;2,843635E-5;-4,384032E-5;2,784560E-5;-4,504224E-5
1,313246E1;2,789035E-5;-4,515720E-5;2,696525E-5;-4,446768E-5;2,852170E-5;-4,398070E-5;2,786843E-5;-4,510232E-5
1,319912E1;2,787567E-5;-4,508204E-5;2,696758E-5;-4,440081E-5;2,856194E-5;-4,391204E-5;2,785070E-5;-4,506264E-5
1,326578E1;2,794823E-5;-4,512448E-5;2,701188E-5;-4,453929E-5;2,857338E-5;-4,392062E-5;2,786051E-5;-4,511009E-5
1,333244E1;2,791830E-5;-4,514574E-5;2,697695E-5;-4,450002E-5;2,851533E-5;-4,397148E-5;2,788641E-5;-4,507281E-5
1,339911E1;2,790322E-5;-4,512299E-5;2,697853E-5;-4,451694E-5;2,855165E-5;-4,394418E-5;2,786127E-5;-4,506029E-5
1,346577E1;2,790259E-5;-4,514655E-5;2,698239E-5;-4,452931E-5;2,855387E-5;-4,393695E-5;2,788885E-5;-4,510648E-5
1,353243E1;2,787166E-5;-4,512974E-5;2,696512E-5;-4,449768E-5;2,852360E-5;-4,395895E-5;2,784027E-5;-4,509724E-5
1,359909E1;2,788930E-5;-4,514082E-5;2,699249E-5;-4,453844E-5;2,863708E-5;-4,406109E-5;2,782010E-5;-4,512687E-5
1,366576E1;2,783619E-5;-4,512771E-5;2,697240E-5;-4,445610E-5;2,845503E-5;-4,384822E-5;2,770566E-5;-4,512943E-5
1,373242E1;2,782624E-5;-4,510151E-5;2,694415E-5;-4,438795E-5;2,841547E-5;-4,384691E-5;2,768121E-5;-4,505405E-5
1,379908E1;2,787775E-5;-4,511997E-5;2,700299E-5;-4,444267E-5;2,853659E-5;-4,382623E-5;2,769515E-5;-4,506927E-5
1,386574E1;2,798034E-5;-4,515429E-5;2,708218E-5;-4,449042E-5;2,863322E-5;-4,397758E-5;2,784204E-5;-4,508889E-5
1,393240E1;2,785189E-5;-4,517581E-5;2,694092E-5;-4,447746E-5;2,842352E-5;-4,387191E-5;2,785621E-5;-4,509229E-5
1,399907E1;2,784435E-5;-4,514134E-5;2,696781E-5;-4,443519E-5;2,851493E-5;-4,396832E-5;2,768701E-5;-4,509952E-5
1,406573E1;2,787796E-5;-4,512717E-5;2,698963E-5;-4,442480E-5;2,851217E-5;-4,387252E-5;2,769225E-5;-4,509090E-5
1,413239E1;2,789747E-5;-4,515449E-5;2,697250E-5;-4,449670E-5;2,856035E-5;-4,391280E-5;2,787184E-5;-4,505977E-5
1,419905E1;2,779536E-5;-4,512954E-5;2,686621E-5;-4,448709E-5;2,846430E-5;-4,384422E-5;2,777102E-5;-4,505392E-5
1,426572E1;2,782296E-5;-4,516606E-5;2,690364E-5;-4,455446E-5;2,849837E-5;-4,390984E-5;2,786701E-5;-4,509128E-5
1,433238E1;2,784692E-5;-4,517457E-5;2,694295E-5;-4,449413E-5;2,851145E-5;-4,397617E-5;2,783076E-5;-4,506379E-5
1,439904E1;2,786762E-5;-4,514774E-5;2,697565E-5;-4,451791E-5;2,850641E-5;-4,398131E-5;2,772407E-5;-4,507843E-5
1,446570E1;2,786201E-5;-4,513954E-5;2,695372E-5;-4,450161E-5;2,853488E-5;-4,394061E-5;2,781230E-5;-4,505527E-5
1,453236E1;2,788007E-5;-4,516420E-5;2,697554E-5;-4,451639E-5;2,854094E-5;-4,395285E-5;2,770185E-5;-4,509005E-5
1,459903E1;2,779583E-5;-4,511202E-5;2,686364E-5;-4,449635E-5;2,837908E-5;-4,378500E-5;2,764826E-5;-4,508789E-5
1,466569E1;2,784166E-5;-4,516344E-5;2,695016E-5;-4,448459E-5;2,842867E-5;-4,391662E-5;2,768945E-5;-4,504500E-5
1,473235E1;2,792726E-5;-4,516341E-5;2,699995E-5;-4,460109E-5;2,850775E-5;-4,399577E-5;2,781497E-5;-4,512158E-5
1,479901E1;2,785166E-5;-4,501785E-5;2,693794E-5;-4,438397E-5;2,840495E-5;-4,372142E-5;2,769140E-5;-4,500725E-5
1,486568E1;2,791850E-5;-4,513984E-5;2,700875E-5;-4,457191E-5;2,858770E-5;-4,391142E-5;2,777431E-5;-4,503672E-5
1,493234E1;2,796539E-5;-4,517681E-5;2,708191E-5;-4,455194E-5;2,864085E-5;-4,405462E-5;2,783981E-5;-4,517322E-5
1,499900E1;2,786947E-5;-4,511002E-5;2,696628E-5;-4,449399E-5;2,850617E-5;-4,398595E-5;2,776296E-5;-4,506132E-5
1,506566E1;2,795717E-5;-4,513141E-5;2,706435E-5;-4,450511E-5;2,851578E-5;-4,388625E-5;2,787354E-5;-4,508534E-5
1,513232E1;2,798590E-5;-4,516679E-5;2,710219E-5;-4,453881E-5;2,856770E-5;-4,393774E-5;2,788269E-5;-4,513062E-5
1,519899E1;2,795521E-5;-4,513301E-5;2,703960E-5;-4,448432E-5;2,856011E-5;-4,392323E-5;2,786444E-5;-4,509002E-5
1,526565E1;2,792377E-5;-4,519348E-5;2,701716E-5;-4,456106E-5;2,856165E-5;-4,401650E-5;2,785231E-5;-4,507174E-5
1,533231E1;2,792588E-5;-4,517609E-5;2,701385E-5;-4,456117E-5;2,852336E-5;-4,388607E-5;2,781896E-5;-4,512191E-5
1,539897E1;2,784847E-5;-4,511870E-5;2,696586E-5;-4,441856E-5;2,853851E-5;-4,392658E-5;2,769196E-5;-4,508252E-5
1,546564E1;2,792032E-5;-4,513777E-5;2,698614E-5;-4,450457E-5;2,859201E-5;-4,381808E-5;2,786508E-5;-4,506226E-5
1,553230E1;2,789235E-5;-4,512891E-5;2,696703E-5;-4,448091E-5;2,851547E-5;-4,386639E-5;2,784885E-5;-4,507484E-5
1,559896E1;2,786525E-5;-4,512114E-5;2,695568E-5;-4,447098E-5;2,852011E-5;-4,385905E-5;2,769483E-5;-4,504390E-5
1,566562E1;2,790764E-5;-4,519548E-5;2,700941E-5;-4,457556E-5;2,852182E-5;-4,396654E-5;2,785066E-5;-4,509723E-5
1,573228E1;2,789635E-5;-4,514985E-5;2,699264E-5;-4,453682E-5;2,852954E-5;-4,385633E-5;2,783427E-5;-4,505942E-5
1,579895E1;2,789910E-5;-4,518580E-5;2,700370E-5;-4,456598E-5;2,851012E-5;-4,387442E-5;2,784203E-5;-4,508408E-5
1,586561E1;2,783837E-5;-4,514669E-5;2,698290E-5;-4,445546E-5;2,852937E-5;-4,395809E-5;2,773590E-5;-4,508662E-5
1,593227E1;2,785618E-5;-4,506608E-5;2,695442E-5;-4,439017E-5;2,858057E-5;-4,391015E-5;2,775135E-5;-4,505812E-5
1,599893E1;2,777888E-5;-4,504324E-5;2,688074E-5;-4,441679E-5;2,855061E-5;-4,393680E-5;2,765234E-5;-4,506234E-5
1,606560E1;2,776610E-5;-4,507208E-5;2,688403E-5;-4,444080E-5;2,852542E-5;-4,398361E-5;2,767677E-5;-4,509474E-5
1,613226E1;2,793159E-5;-4,504107E-5;2,698146E-5;-4,450083E-5;2,867177E-5;-4,392448E-5;2,783538E-5;-4,505646E-5
1,619892E1;2,785757E-5;-4,505690E-5;2,695868E-5;-4,440969E-5;2,857087E-5;-4,392822E-5;2,774192E-5;-4,510211E-5
1,626558E1;2,796192E-5;-4,506103E-5;2,700452E-5;-4,451784E-5;2,866015E-5;-4,395566E-5;2,784357E-5;-4,508786E-5
1,633224E1;2,789283E-5;-4,506177E-5;2,693379E-5;-4,446000E-5;2,856066E-5;-4,394788E-5;2,783164E-5;-4,508238E-5
1,639891E1;2,790068E-5;-4,506044E-5;2,696171E-5;-4,449402E-5;2,855778E-5;-4,390476E-5;2,782638E-5;-4,508127E-5
1,646557E1;2,797188E-5;-4,509060E-5;2,708691E-5;-4,451813E-5;2,862689E-5;-4,398745E-5;2,783034E-5;-4,520354E-5
1,653223E1;2,792686E-5;-4,505445E-5;2,700614E-5;-4,453954E-5;2,864324E-5;-4,396328E-5;2,782599E-5;-4,508781E-5
1,659889E1;2,788080E-5;-4,506219E-5;2,694814E-5;-4,446522E-5;2,865067E-5;-4,405029E-5;2,789535E-5;-4,499974E-5
1,666556E1;2,793303E-5;-4,501324E-5;2,699626E-5;-4,451572E-5;2,854726E-5;-4,386866E-5;2,781503E-5;-4,510209E-5
1,673222E1;2,787801E-5;-4,498686E-5;2,695760E-5;-4,442659E-5;2,858583E-5;-4,390196E-5;2,783289E-5;-4,495993E-5
1,679888E1;2,798007E-5;-4,504689E-5;2,705828E-5;-4,447600E-5;2,857110E-5;-4,382090E-5;2,781826E-5;-4,507869E-5
1,686554E1;2,792470E-5;-4,505913E-5;2,699558E-5;-4,453471E-5;2,854436E-5;-4,394048E-5;2,783632E-5;-4,506117E-5
1,693220E1;2,790045E-5;-4,501392E-5;2,697637E-5;-4,450250E-5;2,867036E-5;-4,405165E-5;2,778103E-5;-4,507327E-5
1,699887E1;2,794756E-5;-4,505002E-5;2,698160E-5;-4,458047E-5;2,862536E-5;-4,399836E-5;2,785020E-5;-4,506401E-5
1,706553E1;2,798653E-5;-4,502558E-5;2,707514E-5;-4,452819E-5;2,869065E-5;-4,390572E-5;2,784671E-5;-4,509632E-5
1,713219E1;2,793706E-5;-4,501903E-5;2,701241E-5;-4,455057E-5;2,854637E-5;-4,396287E-5;2,782602E-5;-4,508764E-5
1,719885E1;2,787870E-5;-4,503980E-5;2,694579E-5;-4,446176E-5;2,857632E-5;-4,402193E-5;2,782724E-5;-4,500910E-5
1,726552E1;2,798760E-5;-4,503732E-5;2,707926E-5;-4,452912E-5;2,875638E-5;-4,407993E-5;2,780708E-5;-4,515429E-5
1,733218E1;2,799050E-5;-4,504798E-5;2,708902E-5;-4,453296E-5;2,856285E-5;-4,392224E-5;2,780776E-5;-4,515401E-5
1,739884E1;2,793959E-5;-4,503191E-5;2,700664E-5;-4,455520E-5;2,847066E-5;-4,386211E-5;2,784000E-5;-4,502850E-5
1,746550E1;2,796945E-5;-4,503903E-5;2,702358E-5;-4,456828E-5;2,858726E-5;-4,389922E-5;2,782937E-5;-4,508090E-5
1,753216E1;2,799237E-5;-4,505624E-5;2,697794E-5;-4,459611E-5;2,842952E-5;-4,385456E-5;2,779841E-5;-4,514798E-5
1,759883E1;2,796098E-5;-4,505933E-5;2,694760E-5;-4,457978E-5;2,841611E-5;-4,391024E-5;2,780574E-5;-4,519978E-5
1,766549E1;2,795339E-5;-4,502281E-5;2,698766E-5;-4,456410E-5;2,856447E-5;-4,391538E-5;2,778599E-5;-4,516027E-5
1,773215E1;2,797766E-5;-4,506238E-5;2,696092E-5;-4,460442E-5;2,859650E-5;-4,401069E-5;2,781075E-5;-4,517312E-5
1,779881E1;2,792805E-5;-4,505021E-5;2,694762E-5;-4,453761E-5;2,849205E-5;-4,391001E-5;2,777707E-5;-4,517980E-5
1,786548E1;2,790490E-5;-4,502334E-5;2,690156E-5;-4,455192E-5;2,840671E-5;-4,395097E-5;2,771149E-5;-4,515314E-5
1,793214E1;2,795712E-5;-4,492438E-5;2,698662E-5;-4,442706E-5;2,853582E-5;-4,383653E-5;2,781817E-5;-4,499480E-5
1,799880E1;2,793450E-5;-4,493207E-5;2,687303E-5;-4,449863E-5;2,844354E-5;-4,380102E-5;2,766694E-5;-4,509981E-5
1,806546E1;2,793145E-5;-4,494594E-5;2,687138E-5;-4,451595E-5;2,844407E-5;-4,392224E-5;2,766917E-5;-4,510927E-5
1,813212E1;2,799418E-5;-4,492368E-5;2,698138E-5;-4,444148E-5;2,844529E-5;-4,379472E-5;2,782620E-5;-4,506594E-5
1,819879E1;2,793241E-5;-4,493288E-5;2,686350E-5;-4,451563E-5;2,843644E-5;-4,393358E-5;2,768098E-5;-4,511118E-5
1,826545E1;2,796735E-5;-4,496246E-5;2,687463E-5;-4,452749E-5;2,843243E-5;-4,394884E-5;2,767720E-5;-4,507107E-5
1,833211E1;2,800844E-5;-4,491579E-5;2,697610E-5;-4,443528E-5;2,851989E-5;-4,394211E-5;2,770637E-5;-4,508541E-5
1,839877E1;2,805917E-5;-4,499816E-5;2,697329E-5;-4,460411E-5;2,843543E-5;-4,392607E-5;2,786109E-5;-4,505660E-5
1,846544E1;2,810094E-5;-4,501225E-5;2,701326E-5;-4,465769E-5;2,844788E-5;-4,392588E-5;2,784802E-5;-4,514381E-5
1,853210E1;2,800891E-5;-4,504790E-5;2,696884E-5;-4,456086E-5;2,834102E-5;-4,391034E-5;2,779505E-5;-4,519174E-5
1,859876E1;2,791185E-5;-4,491729E-5;2,688518E-5;-4,444999E-5;2,819816E-5;-4,378106E-5;2,775331E-5;-4,498402E-5
1,866542E1;2,793651E-5;-4,494369E-5;2,686549E-5;-4,449772E-5;2,845069E-5;-4,391600E-5;2,764993E-5;-4,510155E-5
1,873208E1;2,799056E-5;-4,497174E-5;2,694440E-5;-4,448691E-5;2,849885E-5;-4,392503E-5;2,780821E-5;-4,498670E-5
1,879875E1;2,798851E-5;-4,494181E-5;2,696659E-5;-4,442734E-5;2,839863E-5;-4,384776E-5;2,783278E-5;-4,496840E-5
1,886541E1;2,790267E-5;-4,499083E-5;2,685622E-5;-4,450667E-5;2,838382E-5;-4,395565E-5;2,767169E-5;-4,501933E-5
1,893207E1;2,795187E-5;-4,494233E-5;2,687231E-5;-4,451126E-5;2,847132E-5;-4,389525E-5;2,768716E-5;-4,500994E-5
1,899873E1;2,784301E-5;-4,491242E-5;2,677684E-5;-4,444745E-5;2,841259E-5;-4,395202E-5;2,766519E-5;-4,499492E-5
1,906540E1;2,783122E-5;-4,492526E-5;2,675487E-5;-4,440461E-5;2,836106E-5;-4,390879E-5;2,767966E-5;-4,500228E-5
1,913206E1;2,797199E-5;-4,493426E-5;2,685247E-5;-4,448153E-5;2,842330E-5;-4,383479E-5;2,769054E-5;-4,499822E-5
1,919872E1;2,795596E-5;-4,490759E-5;2,687519E-5;-4,445767E-5;2,825491E-5;-4,376884E-5;2,783144E-5;-4,492122E-5
1,926538E1;2,794112E-5;-4,503804E-5;2,684439E-5;-4,453278E-5;2,827386E-5;-4,394160E-5;2,758520E-5;-4,519411E-5
1,933204E1;2,799402E-5;-4,497708E-5;2,687692E-5;-4,451889E-5;2,841967E-5;-4,391131E-5;2,791319E-5;-4,500499E-5
1,939871E1;2,802097E-5;-4,500991E-5;2,691997E-5;-4,446456E-5;2,828030E-5;-4,384499E-5;2,788269E-5;-4,497368E-5
1,946537E1;2,799287E-5;-4,495658E-5;2,688337E-5;-4,451744E-5;2,857999E-5;-4,389366E-5;2,769841E-5;-4,499294E-5
1,953203E1;2,797410E-5;-4,502679E-5;2,689501E-5;-4,456002E-5;2,850904E-5;-4,388132E-5;2,782407E-5;-4,497976E-5
1,959869E1;2,800257E-5;-4,503536E-5;2,687655E-5;-4,458212E-5;2,845147E-5;-4,390322E-5;2,788513E-5;-4,484729E-5
1,966536E1;2,799440E-5;-4,498691E-5;2,689365E-5;-4,455014E-5;2,851577E-5;-4,392251E-5;2,785683E-5;-4,497684E-5
1,973202E1;2,786831E-5;-4,491863E-5;2,678668E-5;-4,443604E-5;2,852493E-5;-4,397831E-5;2,757382E-5;-4,497623E-5
1,979868E1;2,798402E-5;-4,495406E-5;2,685336E-5;-4,449533E-5;2,843257E-5;-4,366233E-5;2,765664E-5;-4,499830E-5
1,986534E1;2,797225E-5;-4,491546E-5;2,684138E-5;-4,447337E-5;2,855800E-5;-4,380582E-5;2,784707E-5;-4,496560E-5
1,993200E1;2,795172E-5;-4,490944E-5;2,681988E-5;-4,446217E-5;2,856969E-5;-4,390137E-5;2,785471E-5;-4,493513E-5
1,999867E1;2,795229E-5;-4,494056E-5;2,682072E-5;-4,450292E-5;2,839720E-5;-4,375140E-5;2,783040E-5;-4,496568E-5
2,006533E1;2,794989E-5;-4,491051E-5;2,684806E-5;-4,444249E-5;2,833187E-5;-4,362409E-5;2,772199E-5;-4,491382E-5
2,013199E1;2,797145E-5;-4,493500E-5;2,682745E-5;-4,448700E-5;2,855072E-5;-4,390963E-5;2,776787E-5;-4,495399E-5
2,019865E1;2,799005E-5;-4,493686E-5;2,685947E-5;-4,452348E-5;2,854753E-5;-4,390251E-5;2,769656E-5;-4,500663E-5
2,026532E1;2,801271E-5;-4,491549E-5;2,695723E-5;-4,441112E-5;2,850336E-5;-4,375980E-5;2,783685E-5;-4,498996E-5
2,033198E1;2,796748E-5;-4,490560E-5;2,685038E-5;-4,449741E-5;2,837794E-5;-4,370625E-5;2,769527E-5;-4,499353E-5
2,039864E1;2,796865E-5;-4,491716E-5;2,685107E-5;-4,449253E-5;2,824748E-5;-4,372020E-5;2,784008E-5;-4,497307E-5
2,046530E1;2,793641E-5;-4,491471E-5;2,686906E-5;-4,445742E-5;2,831669E-5;-4,381778E-5;2,781131E-5;-4,497904E-5
2,053196E1;2,793963E-5;-4,493700E-5;2,683391E-5;-4,446409E-5;2,828585E-5;-4,388738E-5;2,780781E-5;-4,500666E-5
2,059863E1;2,799389E-5;-4,500380E-5;2,688234E-5;-4,455732E-5;2,841228E-5;-4,396360E-5;2,787712E-5;-4,497802E-5
2,066529E1;2,807926E-5;-4,501200E-5;2,698042E-5;-4,456764E-5;2,849401E-5;-4,390991E-5;2,785482E-5;-4,500428E-5
2,073195E1;2,796031E-5;-4,493139E-5;2,686624E-5;-4,444579E-5;2,828559E-5;-4,383633E-5;2,783285E-5;-4,496243E-5
2,079861E1;2,790396E-5;-4,491101E-5;2,684966E-5;-4,432652E-5;2,821623E-5;-4,379092E-5;2,795910E-5;-4,497002E-5
2,086528E1;2,794831E-5;-4,490304E-5;2,684528E-5;-4,435066E-5;2,821583E-5;-4,379329E-5;2,766709E-5;-4,497903E-5
2,093194E1;2,797597E-5;-4,499760E-5;2,685344E-5;-4,450625E-5;2,827631E-5;-4,391988E-5;2,769061E-5;-4,498618E-5
2,099860E1;2,798615E-5;-4,500612E-5;2,685775E-5;-4,451331E-5;2,838221E-5;-4,390408E-5;2,796106E-5;-4,493380E-5
2,106526E1;2,798007E-5;-4,500914E-5;2,685065E-5;-4,449961E-5;2,838904E-5;-4,394705E-5;2,802754E-5;-4,483869E-5
2,113192E1;2,801114E-5;-4,504438E-5;2,685453E-5;-4,457796E-5;2,838598E-5;-4,390163E-5;2,784215E-5;-4,502064E-5
2,119859E1;2,802998E-5;-4,505796E-5;2,694575E-5;-4,451324E-5;2,843871E-5;-4,394143E-5;2,785400E-5;-4,501858E-5
2,126525E1;2,802098E-5;-4,510919E-5;2,697034E-5;-4,455836E-5;2,843900E-5;-4,391237E-5;2,787323E-5;-4,496097E-5
2,133191E1;2,803938E-5;-4,505582E-5;2,698490E-5;-4,455030E-5;2,839894E-5;-4,393801E-5;2,787481E-5;-4,499515E-5
2,139857E1;2,801449E-5;-4,504640E-5;2,697587E-5;-4,452651E-5;2,844510E-5;-4,392620E-5;2,789067E-5;-4,499883E-5
2,146524E1;2,794009E-5;-4,502443E-5;2,688990E-5;-4,453814E-5;2,839915E-5;-4,391666E-5;2,781464E-5;-4,499138E-5
2,153190E1;2,791719E-5;-4,498492E-5;2,684628E-5;-4,448366E-5;2,824758E-5;-4,381127E-5;2,774736E-5;-4,493799E-5
2,159856E1;2,789894E-5;-4,498618E-5;2,685024E-5;-4,448615E-5;2,844583E-5;-4,392093E-5;2,767823E-5;-4,494464E-5
2,166522E1;2,784118E-5;-4,497832E-5;2,682665E-5;-4,439774E-5;2,819648E-5;-4,377937E-5;2,779926E-5;-4,495856E-5
2,173188E1;2,788414E-5;-4,503214E-5;2,685595E-5;-4,449814E-5;2,831141E-5;-4,382934E-5;2,780812E-5;-4,493213E-5
2,179855E1;2,794783E-5;-4,503937E-5;2,691020E-5;-4,456356E-5;2,850829E-5;-4,399100E-5;2,786168E-5;-4,502244E-5
2,186521E1;2,793627E-5;-4,501627E-5;2,686499E-5;-4,451417E-5;2,831149E-5;-4,379057E-5;2,776593E-5;-4,495988E-5
2,193187E1;2,795278E-5;-4,497857E-5;2,685359E-5;-4,449212E-5;2,837326E-5;-4,378417E-5;2,781087E-5;-4,496696E-5
2,199853E1;2,797920E-5;-4,502284E-5;2,687251E-5;-4,452846E-5;2,835587E-5;-4,378780E-5;2,772761E-5;-4,494483E-5
2,206520E1;2,794492E-5;-4,508183E-5;2,686320E-5;-4,453542E-5;2,830174E-5;-4,390508E-5;2,786332E-5;-4,499163E-5
2,213186E1;2,796804E-5;-4,505654E-5;2,686893E-5;-4,454991E-5;2,839502E-5;-4,394684E-5;2,786594E-5;-4,497943E-5
2,219852E1;2,799118E-5;-4,505355E-5;2,688926E-5;-4,457443E-5;2,846128E-5;-4,390611E-5;2,784090E-5;-4,500026E-5
2,226518E1;2,795577E-5;-4,499554E-5;2,684936E-5;-4,448846E-5;2,828772E-5;-4,379536E-5;2,783036E-5;-4,496570E-5
2,233184E1;2,793736E-5;-4,502060E-5;2,684959E-5;-4,450369E-5;2,843591E-5;-4,391877E-5;2,769073E-5;-4,499559E-5
2,239851E1;2,797366E-5;-4,504293E-5;2,686835E-5;-4,452857E-5;2,833862E-5;-4,385361E-5;2,782697E-5;-4,497098E-5
2,246517E1;2,787375E-5;-4,501104E-5;2,676450E-5;-4,451240E-5;2,835927E-5;-4,390643E-5;2,758505E-5;-4,496147E-5
2,253183E1;2,792971E-5;-4,506488E-5;2,685062E-5;-4,453613E-5;2,830447E-5;-4,392056E-5;2,758213E-5;-4,508897E-5
2,259849E1;2,798403E-5;-4,508892E-5;2,685287E-5;-4,459288E-5;2,829785E-5;-4,387141E-5;2,757359E-5;-4,513991E-5
2,266516E1;2,800239E-5;-4,495905E-5;2,686576E-5;-4,449771E-5;2,839990E-5;-4,376075E-5;2,765993E-5;-4,486934E-5
2,273182E1;2,797710E-5;-4,497831E-5;2,684903E-5;-4,450376E-5;2,823174E-5;-4,378905E-5;2,770208E-5;-4,489313E-5
2,279848E1;2,798504E-5;-4,505328E-5;2,687130E-5;-4,455274E-5;2,840159E-5;-4,395092E-5;2,762978E-5;-4,493271E-5
2,286514E1;2,789232E-5;-4,506607E-5;2,673788E-5;-4,460153E-5;2,827807E-5;-4,398283E-5;2,756320E-5;-4,495931E-5
2,293180E1;2,786477E-5;-4,497983E-5;2,674176E-5;-4,449576E-5;2,836532E-5;-4,390588E-5;2,762431E-5;-4,491569E-5
2,299847E1;2,792167E-5;-4,500901E-5;2,683014E-5;-4,448264E-5;2,839308E-5;-4,396236E-5;2,756324E-5;-4,495178E-5
2,306513E1;2,797030E-5;-4,507319E-5;2,686877E-5;-4,461788E-5;2,839313E-5;-4,397219E-5;2,767632E-5;-4,498323E-5
2,313179E1;2,791276E-5;-4,499489E-5;2,684943E-5;-4,452054E-5;2,839563E-5;-4,396009E-5;2,757978E-5;-4,496584E-5
2,319845E1;2,800325E-5;-4,502472E-5;2,696103E-5;-4,452807E-5;2,852490E-5;-4,396107E-5;2,772182E-5;-4,497673E-5
2,326512E1;2,798968E-5;-4,507808E-5;2,696860E-5;-4,457507E-5;2,847859E-5;-4,394623E-5;2,776226E-5;-4,496767E-5
2,333178E1;2,791280E-5;-4,508640E-5;2,686933E-5;-4,461124E-5;2,838327E-5;-4,396946E-5;2,793718E-5;-4,496880E-5
2,339844E1;2,797327E-5;-4,499922E-5;2,696473E-5;-4,450226E-5;2,856892E-5;-4,389918E-5;2,769870E-5;-4,496938E-5
2,346510E1;2,792021E-5;-4,506831E-5;2,691651E-5;-4,457148E-5;2,835351E-5;-4,390575E-5;2,767291E-5;-4,497110E-5
2,353176E1;2,799668E-5;-4,506036E-5;2,696689E-5;-4,457942E-5;2,849868E-5;-4,391747E-5;2,779399E-5;-4,496876E-5
2,359843E1;2,796405E-5;-4,504626E-5;2,697181E-5;-4,456646E-5;2,842058E-5;-4,392708E-5;2,769840E-5;-4,515009E-5
2,366509E1;2,793379E-5;-4,502452E-5;2,692728E-5;-4,448288E-5;2,841254E-5;-4,394390E-5;2,785305E-5;-4,495882E-5
2,373175E1;2,790441E-5;-4,503270E-5;2,689259E-5;-4,454502E-5;2,840751E-5;-4,396587E-5;2,758378E-5;-4,499852E-5
2,379841E1;2,792829E-5;-4,499764E-5;2,691181E-5;-4,453596E-5;2,844112E-5;-4,392244E-5;2,768696E-5;-4,498409E-5
2,386508E1;2,789679E-5;-4,502187E-5;2,685701E-5;-4,451022E-5;2,840061E-5;-4,395707E-5;2,757220E-5;-4,499788E-5
2,393174E1;2,786754E-5;-4,495690E-5;2,686343E-5;-4,443331E-5;2,843605E-5;-4,391649E-5;2,779368E-5;-4,496068E-5
2,399840E1;2,789946E-5;-4,495406E-5;2,686319E-5;-4,448511E-5;2,847464E-5;-4,390055E-5;2,757870E-5;-4,497497E-5
2,406506E1;2,795350E-5;-4,502088E-5;2,693708E-5;-4,451359E-5;2,841933E-5;-4,395445E-5;2,773470E-5;-4,497274E-5
2,413172E1;2,793139E-5;-4,500892E-5;2,691211E-5;-4,455208E-5;2,850754E-5;-4,394882E-5;2,763582E-5;-4,497135E-5
2,419839E1;2,798326E-5;-4,498731E-5;2,693855E-5;-4,446600E-5;2,857254E-5;-4,391978E-5;2,768848E-5;-4,497975E-5
2,426505E1;2,796550E-5;-4,500325E-5;2,690907E-5;-4,454521E-5;2,843561E-5;-4,382925E-5;2,772318E-5;-4,495147E-5
2,433171E1;2,798368E-5;-4,503951E-5;2,694362E-5;-4,450349E-5;2,850701E-5;-4,399064E-5;2,772958E-5;-4,496964E-5
2,439837E1;2,802817E-5;-4,512372E-5;2,698195E-5;-4,464812E-5;2,845488E-5;-4,392970E-5;2,785361E-5;-4,501842E-5
2,446504E1;2,794072E-5;-4,501329E-5;2,688795E-5;-4,452875E-5;2,842891E-5;-4,381854E-5;2,769901E-5;-4,494117E-5
2,453170E1;2,800623E-5;-4,511640E-5;2,694301E-5;-4,458835E-5;2,851457E-5;-4,397321E-5;2,775466E-5;-4,514548E-5
2,459836E1;2,805464E-5;-4,505551E-5;2,700038E-5;-4,461500E-5;2,859306E-5;-4,393337E-5;2,779197E-5;-4,515644E-5
2,466502E1;2,799736E-5;-4,504787E-5;2,695150E-5;-4,453260E-5;2,850685E-5;-4,397954E-5;2,786191E-5;-4,499600E-5
2,473168E1;2,798668E-5;-4,508834E-5;2,693456E-5;-4,459444E-5;2,845029E-5;-4,396411E-5;2,781260E-5;-4,490073E-5
2,479835E1;2,791316E-5;-4,495787E-5;2,687037E-5;-4,447282E-5;2,830313E-5;-4,375734E-5;2,766039E-5;-4,486623E-5
2,486501E1;2,797398E-5;-4,502334E-5;2,695546E-5;-4,453103E-5;2,853376E-5;-4,393657E-5;2,772863E-5;-4,495363E-5
2,493167E1;2,799761E-5;-4,505719E-5;2,695995E-5;-4,458140E-5;2,855250E-5;-4,392126E-5;2,776261E-5;-4,503541E-5
2,499833E1;2,788878E-5;-4,506077E-5;2,685261E-5;-4,460708E-5;2,838465E-5;-4,395306E-5;2,771913E-5;-4,500739E-5
2,506500E1;2,788567E-5;-4,496488E-5;2,686184E-5;-4,451712E-5;2,832082E-5;-4,380906E-5;2,766659E-5;-4,495858E-5
2,513166E1;2,791534E-5;-4,496193E-5;2,688633E-5;-4,454819E-5;2,840422E-5;-4,381765E-5;2,770938E-5;-4,494998E-5
2,519832E1;2,789744E-5;-4,495832E-5;2,686942E-5;-4,454105E-5;2,829859E-5;-4,376481E-5;2,769993E-5;-4,497302E-5
2,526498E1;2,781375E-5;-4,500513E-5;2,684342E-5;-4,451772E-5;2,831921E-5;-4,385684E-5;2,766558E-5;-4,499803E-5
2,533164E1;2,785307E-5;-4,497245E-5;2,684721E-5;-4,451043E-5;2,841706E-5;-4,393125E-5;2,770122E-5;-4,499967E-5
2,539831E1;2,787493E-5;-4,499280E-5;2,688644E-5;-4,452504E-5;2,850458E-5;-4,387573E-5;2,768179E-5;-4,499185E-5
2,546497E1;2,791423E-5;-4,508531E-5;2,688064E-5;-4,463501E-5;2,847980E-5;-4,391485E-5;2,781444E-5;-4,499285E-5
2,553163E1;2,791631E-5;-4,503299E-5;2,688780E-5;-4,463496E-5;2,847537E-5;-4,391590E-5;2,768328E-5;-4,508942E-5
2,559829E1;2,794683E-5;-4,501941E-5;2,696081E-5;-4,456357E-5;2,852671E-5;-4,390621E-5;2,780892E-5;-4,496286E-5
2,566496E1;2,789421E-5;-4,503007E-5;2,686384E-5;-4,458224E-5;2,852340E-5;-4,395848E-5;2,788026E-5;-4,495230E-5
2,573162E1;2,787696E-5;-4,495014E-5;2,686762E-5;-4,452606E-5;2,841744E-5;-4,375972E-5;2,768902E-5;-4,495865E-5
2,579828E1;2,792137E-5;-4,496328E-5;2,691839E-5;-4,446514E-5;2,837946E-5;-4,371056E-5;2,783983E-5;-4,494980E-5
2,586494E1;2,784179E-5;-4,495937E-5;2,686238E-5;-4,454402E-5;2,843459E-5;-4,380382E-5;2,769793E-5;-4,497586E-5
2,593160E1;2,786593E-5;-4,493987E-5;2,687966E-5;-4,453256E-5;2,841201E-5;-4,383129E-5;2,784332E-5;-4,495848E-5
2,599827E1;2,784850E-5;-4,500124E-5;2,687386E-5;-4,455867E-5;2,842196E-5;-4,384800E-5;2,783638E-5;-4,499765E-5
2,606493E1;2,785726E-5;-4,499261E-5;2,686499E-5;-4,453770E-5;2,852081E-5;-4,397546E-5;2,782793E-5;-4,496871E-5
2,613159E1;2,791538E-5;-4,500706E-5;2,694019E-5;-4,449222E-5;2,852677E-5;-4,382251E-5;2,785381E-5;-4,494320E-5
2,619825E1;2,789448E-5;-4,497055E-5;2,697312E-5;-4,445310E-5;2,844380E-5;-4,365578E-5;2,780979E-5;-4,497050E-5
2,626492E1;2,794344E-5;-4,500889E-5;2,698459E-5;-4,453074E-5;2,850429E-5;-4,376232E-5;2,783324E-5;-4,498356E-5
2,633158E1;2,797679E-5;-4,510148E-5;2,698389E-5;-4,461968E-5;2,852705E-5;-4,395916E-5;2,778742E-5;-4,518595E-5
2,639824E1;2,790166E-5;-4,508267E-5;2,694229E-5;-4,450524E-5;2,835611E-5;-4,379024E-5;2,788404E-5;-4,498955E-5
2,646490E1;2,776671E-5;-4,503409E-5;2,686333E-5;-4,441950E-5;2,843602E-5;-4,391751E-5;2,777109E-5;-4,497066E-5
2,653156E1;2,787746E-5;-4,501214E-5;2,696417E-5;-4,442008E-5;2,841594E-5;-4,384558E-5;2,785543E-5;-4,494143E-5
2,659823E1;2,791922E-5;-4,503874E-5;2,697463E-5;-4,450483E-5;2,851413E-5;-4,388337E-5;2,777336E-5;-4,515097E-5
2,666489E1;2,790623E-5;-4,503007E-5;2,697535E-5;-4,451474E-5;2,851638E-5;-4,385576E-5;2,770272E-5;-4,499831E-5
