#multi:
;masa A;;masa B;;masa C;;masa D;;masa E;;
t;x;y;x;y;x;y;x;y;x;y;
0.000000E0;6.499094E-5;4.529396E-5;6.499117E-5;4.521178E-5;6.513200E-5;4.522978E-5;6.495615E-5;4.514124E-5;6.488548E-5;4.522322E-5
6.666222E-2;6.486462E-5;4.533164E-5;6.486410E-5;4.525010E-5;6.501855E-5;4.525245E-5;6.482828E-5;4.516896E-5;6.475619E-5;4.525073E-5
1.333244E-1;6.487388E-5;4.531765E-5;6.487491E-5;4.523569E-5;6.501608E-5;4.525262E-5;6.484039E-5;4.516519E-5;6.476910E-5;4.525047E-5
1.999867E-1;6.498291E-5;4.516518E-5;6.498459E-5;4.508278E-5;6.512485E-5;4.510069E-5;6.494943E-5;4.501275E-5;6.487922E-5;4.509984E-5
2.666489E-1;6.490244E-5;4.509971E-5;6.500924E-5;4.508811E-5;6.514999E-5;4.510664E-5;6.497389E-5;4.501700E-5;6.490417E-5;4.510183E-5
3.333111E-1;6.485251E-5;4.519527E-5;6.496237E-5;4.518326E-5;6.510401E-5;4.519737E-5;6.492766E-5;4.511247E-5;6.485761E-5;4.519320E-5
3.999733E-1;6.481272E-5;4.524245E-5;6.492071E-5;4.522871E-5;6.506275E-5;4.524583E-5;6.487477E-5;4.514898E-5;6.481415E-5;4.523873E-5
4.666356E-1;6.481236E-5;4.525233E-5;6.492079E-5;4.523841E-5;6.506326E-5;4.525674E-5;6.489137E-5;4.516415E-5;6.481332E-5;4.524787E-5
5.332978E-1;6.478997E-5;4.524253E-5;6.489772E-5;4.522989E-5;6.503993E-5;4.524722E-5;6.488295E-5;4.516563E-5;6.479077E-5;4.524141E-5
5.999600E-1;6.481331E-5;4.520935E-5;6.492144E-5;4.519629E-5;6.506170E-5;4.521437E-5;6.488685E-5;4.512390E-5;6.481597E-5;4.520754E-5
6.666222E-1;6.476984E-5;4.522552E-5;6.487656E-5;4.521150E-5;6.501735E-5;4.522927E-5;6.484190E-5;4.514087E-5;6.477128E-5;4.522336E-5
7.332844E-1;6.478934E-5;4.522650E-5;6.489603E-5;4.521441E-5;6.503809E-5;4.523298E-5;6.486084E-5;4.514317E-5;6.478961E-5;4.522822E-5
7.999467E-1;6.479341E-5;4.521908E-5;6.489934E-5;4.520743E-5;6.504088E-5;4.522610E-5;6.486422E-5;4.513645E-5;6.479295E-5;4.522023E-5
8.666089E-1;6.481901E-5;4.519511E-5;6.492674E-5;4.518318E-5;6.506652E-5;4.520247E-5;6.489147E-5;4.511188E-5;6.482147E-5;4.519496E-5
9.332711E-1;6.474336E-5;4.525192E-5;6.484983E-5;4.524003E-5;6.499189E-5;4.525793E-5;6.481438E-5;4.516969E-5;6.474350E-5;4.525332E-5
9.999333E-1;6.473997E-5;4.523921E-5;6.484596E-5;4.522801E-5;6.498780E-5;4.524492E-5;6.481122E-5;4.515802E-5;6.473964E-5;4.524257E-5
1.066596E0;6.485326E-5;4.522626E-5;6.496078E-5;4.521555E-5;6.510169E-5;4.523308E-5;6.492542E-5;4.514577E-5;6.485502E-5;4.522978E-5
1.133258E0;6.483852E-5;4.516152E-5;6.494516E-5;4.515147E-5;6.508633E-5;4.516846E-5;6.490875E-5;4.508203E-5;6.484948E-5;4.516713E-5
1.199920E0;6.485768E-5;4.517202E-5;6.496325E-5;4.516076E-5;6.510659E-5;4.516654E-5;6.492930E-5;4.509058E-5;6.485689E-5;4.520753E-5
1.266582E0;6.482088E-5;4.518144E-5;6.492711E-5;4.516749E-5;6.506866E-5;4.514497E-5;6.489257E-5;4.509529E-5;6.482003E-5;4.519837E-5
1.333244E0;6.473703E-5;4.518314E-5;6.484184E-5;4.517152E-5;6.498188E-5;4.512415E-5;6.480703E-5;4.510033E-5;6.473411E-5;4.519846E-5
1.399907E0;6.482537E-5;4.511784E-5;6.493304E-5;4.510982E-5;6.507893E-5;4.505742E-5;6.489958E-5;4.504082E-5;6.482612E-5;4.513024E-5
1.466569E0;6.476137E-5;4.519226E-5;6.489953E-5;4.518282E-5;6.504215E-5;4.514904E-5;6.486486E-5;4.511077E-5;6.476313E-5;4.520251E-5
1.533231E0;6.475257E-5;4.517703E-5;6.488174E-5;4.517210E-5;6.502256E-5;4.511995E-5;6.484714E-5;4.510103E-5;6.475862E-5;4.518937E-5
1.599893E0;6.478960E-5;4.521161E-5;6.490987E-5;4.520362E-5;6.504942E-5;4.514163E-5;6.487460E-5;4.513223E-5;6.479070E-5;4.521889E-5
1.666556E0;6.477223E-5;4.524369E-5;6.488880E-5;4.523530E-5;6.503053E-5;4.516584E-5;6.485306E-5;4.516525E-5;6.477453E-5;4.525105E-5
1.733218E0;6.481756E-5;4.518204E-5;6.493561E-5;4.518433E-5;6.507347E-5;4.509811E-5;6.490040E-5;4.511326E-5;6.482338E-5;4.518745E-5
1.799880E0;6.476622E-5;4.516257E-5;6.491176E-5;4.514694E-5;6.503426E-5;4.507506E-5;6.487482E-5;4.507610E-5;6.477726E-5;4.516927E-5
1.866542E0;6.469739E-5;4.518167E-5;6.483228E-5;4.518000E-5;6.500009E-5;4.517992E-5;6.479679E-5;4.510531E-5;6.468928E-5;4.522105E-5
1.933204E0;6.475875E-5;4.522187E-5;6.491958E-5;4.520044E-5;6.509279E-5;4.522687E-5;6.488042E-5;4.512485E-5;6.475579E-5;4.524622E-5
1.999867E0;6.475772E-5;4.514399E-5;6.489632E-5;4.513083E-5;6.507503E-5;4.514975E-5;6.486146E-5;4.506015E-5;6.477490E-5;4.516426E-5
2.066529E0;6.473213E-5;4.521620E-5;6.485843E-5;4.520625E-5;6.505312E-5;4.521346E-5;6.482332E-5;4.513870E-5;6.473235E-5;4.526070E-5
2.133191E0;6.477448E-5;4.520552E-5;6.489546E-5;4.519570E-5;6.506869E-5;4.520955E-5;6.486114E-5;4.512737E-5;6.477679E-5;4.523497E-5
2.199853E0;6.473981E-5;4.526892E-5;6.485570E-5;4.525837E-5;6.501678E-5;4.527173E-5;6.482212E-5;4.518936E-5;6.475922E-5;4.528866E-5
2.266516E0;6.481620E-5;4.515106E-5;6.493475E-5;4.515260E-5;6.509197E-5;4.516973E-5;6.491421E-5;4.508499E-5;6.483174E-5;4.521955E-5
2.333178E0;6.484736E-5;4.508860E-5;6.499740E-5;4.507694E-5;6.514698E-5;4.509354E-5;6.496045E-5;4.504143E-5;6.488345E-5;4.516020E-5
2.399840E0;6.487063E-5;4.516871E-5;6.500241E-5;4.515910E-5;6.514878E-5;4.517630E-5;6.496655E-5;4.511272E-5;6.489293E-5;4.521688E-5
2.466502E0;6.485006E-5;4.516186E-5;6.497660E-5;4.514804E-5;6.512182E-5;4.516590E-5;6.495094E-5;4.509494E-5;6.487917E-5;4.519277E-5
2.533164E0;6.486926E-5;4.513546E-5;6.498687E-5;4.512388E-5;6.513201E-5;4.514152E-5;6.495786E-5;4.510345E-5;6.488571E-5;4.519641E-5
2.599827E0;6.477099E-5;4.520155E-5;6.488265E-5;4.519038E-5;6.502595E-5;4.520798E-5;6.484086E-5;4.518028E-5;6.476695E-5;4.526819E-5
2.666489E0;6.483536E-5;4.519862E-5;6.494724E-5;4.518701E-5;6.508894E-5;4.520527E-5;6.490673E-5;4.515688E-5;6.483729E-5;4.524511E-5
2.733151E0;6.486020E-5;4.521271E-5;6.496804E-5;4.520177E-5;6.510948E-5;4.521934E-5;6.492927E-5;4.515683E-5;6.485707E-5;4.524423E-5
2.799813E0;6.489664E-5;4.523457E-5;6.500684E-5;4.522385E-5;6.514794E-5;4.524388E-5;6.496979E-5;4.516980E-5;6.489817E-5;4.525406E-5
2.866476E0;6.491830E-5;4.520893E-5;6.503055E-5;4.519694E-5;6.517117E-5;4.521754E-5;6.499420E-5;4.513690E-5;6.492367E-5;4.522065E-5
2.933138E0;6.489035E-5;4.522762E-5;6.499849E-5;4.521636E-5;6.513994E-5;4.523517E-5;6.496151E-5;4.515250E-5;6.489116E-5;4.523606E-5
2.999800E0;6.483420E-5;4.528119E-5;6.494759E-5;4.527229E-5;6.509091E-5;4.529130E-5;6.491353E-5;4.520849E-5;6.484390E-5;4.529370E-5
3.066462E0;6.482801E-5;4.524092E-5;6.492922E-5;4.525628E-5;6.507321E-5;4.528525E-5;6.489340E-5;4.518847E-5;6.482097E-5;4.527017E-5
3.133124E0;6.483220E-5;4.525701E-5;6.489092E-5;4.526277E-5;6.508049E-5;4.528636E-5;6.485512E-5;4.519443E-5;6.478304E-5;4.527631E-5
3.199787E0;6.490037E-5;4.519591E-5;6.495082E-5;4.520266E-5;6.515043E-5;4.521829E-5;6.491527E-5;4.513411E-5;6.484063E-5;4.522012E-5
3.266449E0;6.490864E-5;4.517906E-5;6.498228E-5;4.517863E-5;6.515659E-5;4.519719E-5;6.494711E-5;4.510862E-5;6.487526E-5;4.519235E-5
3.333111E0;6.488028E-5;4.521573E-5;6.495999E-5;4.521359E-5;6.512620E-5;4.522955E-5;6.492431E-5;4.514421E-5;6.485171E-5;4.523090E-5
3.399773E0;6.492583E-5;4.520310E-5;6.500808E-5;4.520273E-5;6.516508E-5;4.521984E-5;6.497238E-5;4.513278E-5;6.489981E-5;4.522167E-5
3.466436E0;6.487694E-5;4.523397E-5;6.496473E-5;4.522858E-5;6.511820E-5;4.524594E-5;6.492911E-5;4.515876E-5;6.485687E-5;4.524858E-5
3.533098E0;6.488503E-5;4.519863E-5;6.497843E-5;4.519313E-5;6.512568E-5;4.520951E-5;6.494303E-5;4.512319E-5;6.487316E-5;4.520918E-5
3.599760E0;6.486898E-5;4.525445E-5;6.496206E-5;4.524930E-5;6.510924E-5;4.526560E-5;6.492547E-5;4.517845E-5;6.485363E-5;4.526247E-5
3.666422E0;6.481126E-5;4.525659E-5;6.490392E-5;4.525184E-5;6.504943E-5;4.527087E-5;6.486761E-5;4.518310E-5;6.479195E-5;4.526726E-5
3.733084E0;6.486169E-5;4.522645E-5;6.495458E-5;4.521965E-5;6.509767E-5;4.523736E-5;6.491810E-5;4.514944E-5;6.484712E-5;4.523521E-5
3.799747E0;6.490637E-5;4.518441E-5;6.500334E-5;4.518182E-5;6.514741E-5;4.519976E-5;6.496708E-5;4.511275E-5;6.489221E-5;4.520135E-5
3.866409E0;6.482232E-5;4.521954E-5;6.491980E-5;4.521698E-5;6.506429E-5;4.523510E-5;6.488444E-5;4.514910E-5;6.481137E-5;4.523604E-5
3.933071E0;6.480600E-5;4.515733E-5;6.491016E-5;4.515267E-5;6.505295E-5;4.517004E-5;6.489338E-5;4.508343E-5;6.482035E-5;4.516834E-5
3.999733E0;6.486297E-5;4.511170E-5;6.497000E-5;4.510177E-5;6.511242E-5;4.512044E-5;6.493196E-5;4.506624E-5;6.486082E-5;4.514943E-5
4.066396E0;6.488966E-5;4.511502E-5;6.500170E-5;4.510278E-5;6.514120E-5;4.511997E-5;6.496526E-5;4.505364E-5;6.489354E-5;4.513613E-5
4.133058E0;6.486354E-5;4.519500E-5;6.497440E-5;4.518482E-5;6.511413E-5;4.520104E-5;6.493881E-5;4.512826E-5;6.486831E-5;4.521279E-5
4.199720E0;6.487773E-5;4.515562E-5;6.498782E-5;4.514502E-5;6.512897E-5;4.516279E-5;6.496487E-5;4.508541E-5;6.489536E-5;4.517000E-5
4.266382E0;6.482897E-5;4.517993E-5;6.493912E-5;4.517075E-5;6.507878E-5;4.518816E-5;6.489984E-5;4.513924E-5;6.483011E-5;4.522625E-5
4.333044E0;6.489403E-5;4.518322E-5;6.500402E-5;4.517680E-5;6.514515E-5;4.519488E-5;6.496640E-5;4.513142E-5;6.489644E-5;4.521686E-5
4.399707E0;6.483558E-5;4.520617E-5;6.494835E-5;4.519811E-5;6.509024E-5;4.521636E-5;6.491192E-5;4.514311E-5;6.484284E-5;4.522995E-5
4.466369E0;6.485918E-5;4.524480E-5;6.496746E-5;4.523592E-5;6.511029E-5;4.525453E-5;6.493171E-5;4.517479E-5;6.485951E-5;4.526049E-5
4.533031E0;6.482061E-5;4.523449E-5;6.491952E-5;4.522455E-5;6.506200E-5;4.524196E-5;6.488147E-5;4.516127E-5;6.480578E-5;4.524608E-5
4.599693E0;6.489399E-5;4.522575E-5;6.499198E-5;4.521720E-5;6.513478E-5;4.523539E-5;6.495385E-5;4.515153E-5;6.488043E-5;4.523800E-5
4.666356E0;6.483703E-5;4.521919E-5;6.493135E-5;4.519718E-5;6.507413E-5;4.522978E-5;6.489342E-5;4.513193E-5;6.481944E-5;4.521875E-5
4.733018E0;6.492818E-5;4.519477E-5;6.499390E-5;4.518936E-5;6.516732E-5;4.520400E-5;6.495806E-5;4.512113E-5;6.488566E-5;4.520774E-5
4.799680E0;6.497916E-5;4.512823E-5;6.505123E-5;4.512411E-5;6.521753E-5;4.513939E-5;6.501513E-5;4.503798E-5;6.494843E-5;4.513937E-5
4.866342E0;6.489000E-5;4.517849E-5;6.497113E-5;4.517511E-5;6.512839E-5;4.518937E-5;6.490149E-5;4.511076E-5;6.486134E-5;4.519311E-5
4.933004E0;6.492206E-5;4.516675E-5;6.501313E-5;4.516133E-5;6.516274E-5;4.517857E-5;6.495565E-5;4.509541E-5;6.490437E-5;4.517391E-5
4.999667E0;6.489176E-5;4.520544E-5;6.499273E-5;4.519576E-5;6.513988E-5;4.521344E-5;6.494563E-5;4.512722E-5;6.488775E-5;4.520946E-5
5.066329E0;6.486396E-5;4.522426E-5;6.497068E-5;4.521407E-5;6.511460E-5;4.523220E-5;6.492834E-5;4.514483E-5;6.486773E-5;4.522739E-5
5.132991E0;6.500148E-5;4.519584E-5;6.500794E-5;4.519653E-5;6.514952E-5;4.521632E-5;6.496973E-5;4.512669E-5;6.490549E-5;4.521048E-5
5.199653E0;6.499345E-5;4.520526E-5;6.499776E-5;4.521108E-5;6.513941E-5;4.523108E-5;6.496094E-5;4.514143E-5;6.489661E-5;4.522405E-5
5.266316E0;6.488188E-5;4.524601E-5;6.488642E-5;4.524834E-5;6.502916E-5;4.526797E-5;6.484880E-5;4.517747E-5;6.478114E-5;4.526020E-5
5.332978E0;6.487069E-5;4.524144E-5;6.487180E-5;4.524548E-5;6.501620E-5;4.526499E-5;6.483388E-5;4.517509E-5;6.476329E-5;4.525981E-5
5.399640E0;6.492519E-5;4.519599E-5;6.493476E-5;4.520998E-5;6.507687E-5;4.522891E-5;6.489960E-5;4.513997E-5;6.483356E-5;4.522743E-5
5.466302E0;6.484257E-5;4.523767E-5;6.487980E-5;4.523192E-5;6.502060E-5;4.524942E-5;6.484405E-5;4.516232E-5;6.477456E-5;4.524346E-5
5.532964E0;6.492501E-5;4.523618E-5;6.494979E-5;4.524782E-5;6.509111E-5;4.526529E-5;6.491360E-5;4.517804E-5;6.484327E-5;4.526176E-5
5.599627E0;6.491692E-5;4.519295E-5;6.496783E-5;4.520471E-5;6.510855E-5;4.522284E-5;6.493217E-5;4.513472E-5;6.486112E-5;4.522082E-5
5.666289E0;6.490033E-5;4.519120E-5;6.496952E-5;4.520111E-5;6.511055E-5;4.521879E-5;6.493389E-5;4.512996E-5;6.486197E-5;4.521672E-5
5.732951E0;6.490674E-5;4.517721E-5;6.499208E-5;4.518429E-5;6.513281E-5;4.520223E-5;6.495675E-5;4.511369E-5;6.488623E-5;4.519935E-5
5.799613E0;6.491187E-5;4.513320E-5;6.499734E-5;4.514114E-5;6.514048E-5;4.516037E-5;6.496055E-5;4.507118E-5;6.488646E-5;4.515462E-5
5.866276E0;6.493930E-5;4.517177E-5;6.502184E-5;4.515947E-5;6.516289E-5;4.517863E-5;6.498467E-5;4.508993E-5;6.491064E-5;4.517493E-5
5.932938E0;6.494697E-5;4.519286E-5;6.499293E-5;4.518385E-5;6.513590E-5;4.520081E-5;6.495644E-5;4.511483E-5;6.488129E-5;4.520262E-5
5.999600E0;6.493895E-5;4.523043E-5;6.497079E-5;4.522556E-5;6.511510E-5;4.524194E-5;6.493407E-5;4.515661E-5;6.486037E-5;4.524306E-5
6.066262E0;6.497466E-5;4.525582E-5;6.499422E-5;4.525203E-5;6.513842E-5;4.526933E-5;6.495889E-5;4.518168E-5;6.488482E-5;4.526562E-5
6.132924E0;6.494075E-5;4.518864E-5;6.495594E-5;4.518105E-5;6.509902E-5;4.520185E-5;6.492037E-5;4.510964E-5;6.484616E-5;4.519521E-5
6.199587E0;6.494436E-5;4.523457E-5;6.495650E-5;4.523358E-5;6.509677E-5;4.525159E-5;6.492139E-5;4.516279E-5;6.484765E-5;4.525178E-5
6.266249E0;6.490605E-5;4.520632E-5;6.491400E-5;4.520631E-5;6.505727E-5;4.522404E-5;6.487767E-5;4.513589E-5;6.480425E-5;4.522166E-5
6.332911E0;6.491033E-5;4.524700E-5;6.491739E-5;4.524728E-5;6.505990E-5;4.526479E-5;6.488159E-5;4.517585E-5;6.480866E-5;4.526328E-5
6.399573E0;6.485904E-5;4.523713E-5;6.486217E-5;4.523777E-5;6.500322E-5;4.525401E-5;6.482804E-5;4.516862E-5;6.475897E-5;4.524920E-5
6.466236E0;6.493177E-5;4.520273E-5;6.493640E-5;4.521668E-5;6.507577E-5;4.523400E-5;6.490255E-5;4.514655E-5;6.483336E-5;4.522962E-5
6.532898E0;6.488676E-5;4.514934E-5;6.494219E-5;4.516065E-5;6.508248E-5;4.517902E-5;6.490685E-5;4.508966E-5;6.483820E-5;4.517500E-5
6.599560E0;6.486485E-5;4.520332E-5;6.491412E-5;4.522470E-5;6.505877E-5;4.524687E-5;6.488065E-5;4.515411E-5;6.480900E-5;4.524822E-5
6.666222E0;6.491341E-5;4.517913E-5;6.494653E-5;4.521347E-5;6.508921E-5;4.523096E-5;6.491072E-5;4.514202E-5;6.483706E-5;4.523331E-5
6.732884E0;6.496008E-5;4.521096E-5;6.501433E-5;4.521143E-5;6.515665E-5;4.522812E-5;6.497838E-5;4.514026E-5;6.490700E-5;4.522698E-5
6.799547E0;6.493878E-5;4.520175E-5;6.497819E-5;4.520230E-5;6.511927E-5;4.521722E-5;6.494236E-5;4.513212E-5;6.487100E-5;4.521532E-5
6.866209E0;6.490231E-5;4.527883E-5;6.493061E-5;4.528601E-5;6.507138E-5;4.530167E-5;6.489632E-5;4.521608E-5;6.482376E-5;4.530378E-5
6.932871E0;6.487123E-5;4.528742E-5;6.489311E-5;4.529089E-5;6.503102E-5;4.530540E-5;6.485938E-5;4.522153E-5;6.478956E-5;4.530637E-5
6.999533E0;6.488132E-5;4.524794E-5;6.489492E-5;4.524799E-5;6.503580E-5;4.526551E-5;6.486062E-5;4.517811E-5;6.478997E-5;4.526000E-5
7.066196E0;6.491253E-5;4.523742E-5;6.492194E-5;4.523840E-5;6.506265E-5;4.525580E-5;6.488690E-5;4.516763E-5;6.481684E-5;4.525211E-5
7.132858E0;6.489079E-5;4.522412E-5;6.490251E-5;4.522406E-5;6.504365E-5;4.524271E-5;6.486858E-5;4.515326E-5;6.479895E-5;4.523846E-5
7.199520E0;6.494269E-5;4.520376E-5;6.495376E-5;4.520503E-5;6.509094E-5;4.522214E-5;6.491993E-5;4.513498E-5;6.485153E-5;4.521794E-5
7.266182E0;6.496387E-5;4.514315E-5;6.496662E-5;4.514320E-5;6.511049E-5;4.516023E-5;6.493154E-5;4.507220E-5;6.485929E-5;4.515836E-5
7.332844E0;6.500159E-5;4.512694E-5;6.500329E-5;4.512503E-5;6.514645E-5;4.514373E-5;6.496790E-5;4.505423E-5;6.489715E-5;4.513637E-5
7.399507E0;6.500182E-5;4.515539E-5;6.500116E-5;4.515771E-5;6.514244E-5;4.517289E-5;6.496585E-5;4.508796E-5;6.489364E-5;4.517360E-5
7.466169E0;6.492436E-5;4.520453E-5;6.492050E-5;4.520589E-5;6.506316E-5;4.522221E-5;6.488486E-5;4.513595E-5;6.481094E-5;4.522202E-5
7.532831E0;6.492795E-5;4.520998E-5;6.492610E-5;4.521299E-5;6.506592E-5;4.523077E-5;6.489029E-5;4.514346E-5;6.481991E-5;4.522692E-5
7.599493E0;6.499877E-5;4.521077E-5;6.499719E-5;4.521118E-5;6.513969E-5;4.522791E-5;6.496190E-5;4.514045E-5;6.488865E-5;4.522737E-5
7.666156E0;6.499833E-5;4.518205E-5;6.499710E-5;4.518351E-5;6.513847E-5;4.520183E-5;6.496220E-5;4.511246E-5;6.488983E-5;4.519985E-5
7.732818E0;6.494255E-5;4.524524E-5;6.494497E-5;4.524520E-5;6.508650E-5;4.526259E-5;6.491185E-5;4.517354E-5;6.484085E-5;4.525741E-5
7.799480E0;6.493961E-5;4.526720E-5;6.494121E-5;4.526814E-5;6.508240E-5;4.528669E-5;6.490685E-5;4.519655E-5;6.486058E-5;4.528430E-5
7.866142E0;6.496350E-5;4.524208E-5;6.496451E-5;4.524193E-5;6.510615E-5;4.525871E-5;6.492940E-5;4.517057E-5;6.487256E-5;4.529213E-5
7.932804E0;6.491678E-5;4.524234E-5;6.491854E-5;4.524234E-5;6.506041E-5;4.526116E-5;6.488488E-5;4.517182E-5;6.482667E-5;4.533773E-5
7.999467E0;6.492997E-5;4.518647E-5;6.493111E-5;4.518639E-5;6.507070E-5;4.520527E-5;6.489724E-5;4.511580E-5;6.487175E-5;4.528632E-5
8.066129E0;6.487062E-5;4.524861E-5;6.486958E-5;4.524967E-5;6.501252E-5;4.526627E-5;6.483414E-5;4.517915E-5;6.482899E-5;4.536360E-5
8.132791E0;6.492169E-5;4.522555E-5;6.492103E-5;4.522747E-5;6.506377E-5;4.524459E-5;6.488623E-5;4.515763E-5;6.489248E-5;4.534405E-5
8.199453E0;6.490583E-5;4.518523E-5;6.490565E-5;4.518694E-5;6.504479E-5;4.520457E-5;6.486998E-5;4.511652E-5;6.488686E-5;4.530403E-5
8.266116E0;6.491585E-5;4.517887E-5;6.491475E-5;4.517977E-5;6.505473E-5;4.519568E-5;6.487952E-5;4.510890E-5;6.490198E-5;4.529240E-5
8.332778E0;6.488660E-5;4.519857E-5;6.488594E-5;4.519847E-5;6.502796E-5;4.521602E-5;6.485051E-5;4.512717E-5;6.487749E-5;4.531756E-5
8.399440E0;6.484218E-5;4.524044E-5;6.484622E-5;4.523794E-5;6.499049E-5;4.525438E-5;6.480982E-5;4.516543E-5;6.483993E-5;4.535907E-5
8.466102E0;6.488712E-5;4.523707E-5;6.488863E-5;4.523732E-5;6.503033E-5;4.525564E-5;6.485430E-5;4.516682E-5;6.488340E-5;4.535763E-5
8.532764E0;6.488351E-5;4.523544E-5;6.488439E-5;4.523535E-5;6.502595E-5;4.525426E-5;6.485021E-5;4.516480E-5;6.488279E-5;4.535429E-5
8.599427E0;6.492763E-5;4.520477E-5;6.492746E-5;4.520474E-5;6.506842E-5;4.522352E-5;6.489404E-5;4.513419E-5;6.492528E-5;4.532373E-5
8.666089E0;6.490194E-5;4.521388E-5;6.490135E-5;4.521369E-5;6.504266E-5;4.523220E-5;6.486592E-5;4.514313E-5;6.489909E-5;4.533351E-5
8.732751E0;6.491995E-5;4.519519E-5;6.491742E-5;4.519673E-5;6.506043E-5;4.521220E-5;6.488205E-5;4.512564E-5;6.491621E-5;4.531424E-5
8.799413E0;6.478964E-5;4.525651E-5;6.479647E-5;4.525676E-5;6.493251E-5;4.527299E-5;6.475958E-5;4.518591E-5;6.479266E-5;4.537767E-5
8.866076E0;6.486060E-5;4.518872E-5;6.486224E-5;4.518972E-5;6.500294E-5;4.520531E-5;6.482716E-5;4.511972E-5;6.486204E-5;4.530799E-5
8.932738E0;6.488794E-5;4.519241E-5;6.488956E-5;4.519289E-5;6.502849E-5;4.520753E-5;6.485503E-5;4.512216E-5;6.488776E-5;4.531149E-5
8.999400E0;6.486758E-5;4.522086E-5;6.486785E-5;4.522022E-5;6.501009E-5;4.523575E-5;6.483205E-5;4.514943E-5;6.486709E-5;4.534026E-5
9.066062E0;6.484267E-5;4.530276E-5;6.484344E-5;4.530297E-5;6.498174E-5;4.531480E-5;6.480995E-5;4.523346E-5;6.483979E-5;4.542392E-5
9.132724E0;6.474551E-5;4.533013E-5;6.475104E-5;4.532590E-5;6.488955E-5;4.534139E-5;6.471518E-5;4.525415E-5;6.474317E-5;4.544868E-5
9.199387E0;6.489340E-5;4.527968E-5;6.489149E-5;4.528248E-5;6.502730E-5;4.529728E-5;6.485846E-5;4.521356E-5;6.486827E-5;4.539711E-5
9.266049E0;6.490178E-5;4.522971E-5;6.489967E-5;4.523108E-5;6.503811E-5;4.524826E-5;6.486564E-5;4.516077E-5;6.490663E-5;4.531341E-5
9.332711E0;6.486170E-5;4.523293E-5;6.486122E-5;4.523286E-5;6.499448E-5;4.524561E-5;6.482742E-5;4.516306E-5;6.486431E-5;4.532680E-5
9.399373E0;6.489159E-5;4.525592E-5;6.489011E-5;4.525686E-5;6.502539E-5;4.526765E-5;6.485598E-5;4.518696E-5;6.489200E-5;4.535924E-5
9.466036E0;6.482259E-5;4.526267E-5;6.482401E-5;4.526373E-5;6.495943E-5;4.527624E-5;6.478933E-5;4.519610E-5;6.482393E-5;4.535037E-5
9.532698E0;6.485909E-5;4.522921E-5;6.485724E-5;4.522893E-5;6.499413E-5;4.523781E-5;6.482426E-5;4.516059E-5;6.482040E-5;4.532973E-5
9.599360E0;6.494253E-5;4.520829E-5;6.494231E-5;4.520736E-5;6.507727E-5;4.521559E-5;6.490790E-5;4.513748E-5;6.488503E-5;4.531498E-5
9.666022E0;6.489117E-5;4.524992E-5;6.489014E-5;4.524776E-5;6.502879E-5;4.526393E-5;6.485642E-5;4.517750E-5;6.481828E-5;4.535483E-5
9.732684E0;6.489656E-5;4.517898E-5;6.489519E-5;4.517755E-5;6.503123E-5;4.519397E-5;6.486172E-5;4.510624E-5;6.481174E-5;4.528707E-5
9.799347E0;6.489012E-5;4.522575E-5;6.488735E-5;4.522134E-5;6.501742E-5;4.522535E-5;6.485561E-5;4.515198E-5;6.479745E-5;4.533584E-5
9.866009E0;6.485374E-5;4.520319E-5;6.485434E-5;4.520085E-5;6.498993E-5;4.521490E-5;6.482138E-5;4.513052E-5;6.476009E-5;4.531797E-5
9.932671E0;6.487430E-5;4.511463E-5;6.487438E-5;4.511204E-5;6.501424E-5;4.512411E-5;6.483842E-5;4.504109E-5;6.477369E-5;4.522572E-5
9.999333E0;6.496251E-5;4.516594E-5;6.495987E-5;4.516355E-5;6.508001E-5;4.516962E-5;6.492907E-5;4.509623E-5;6.483873E-5;4.527860E-5
1.006600E1;6.500170E-5;4.521107E-5;6.499932E-5;4.520886E-5;6.514764E-5;4.519132E-5;6.496486E-5;4.513802E-5;6.490639E-5;4.528723E-5
1.013266E1;6.500003E-5;4.518758E-5;6.499946E-5;4.518566E-5;6.514583E-5;4.518439E-5;6.496494E-5;4.511412E-5;6.487653E-5;4.526735E-5
1.019932E1;6.493533E-5;4.526017E-5;6.493296E-5;4.526190E-5;6.507456E-5;4.527072E-5;6.489792E-5;4.519174E-5;6.484543E-5;4.532744E-5
1.026598E1;6.499123E-5;4.522221E-5;6.498958E-5;4.522165E-5;6.512514E-5;4.523443E-5;6.495575E-5;4.515010E-5;6.489694E-5;4.530999E-5
1.033264E1;6.498863E-5;4.524013E-5;6.498911E-5;4.523927E-5;6.512000E-5;4.524966E-5;6.495528E-5;4.516892E-5;6.489209E-5;4.533714E-5
1.039931E1;6.500276E-5;4.518887E-5;6.500319E-5;4.518729E-5;6.513660E-5;4.520104E-5;6.497110E-5;4.511550E-5;6.490311E-5;4.528875E-5
1.046597E1;6.490676E-5;4.523474E-5;6.490666E-5;4.523319E-5;6.504673E-5;4.525228E-5;6.487202E-5;4.516171E-5;6.480580E-5;4.533766E-5
1.053263E1;6.497926E-5;4.525932E-5;6.497894E-5;4.525931E-5;6.511771E-5;4.527035E-5;6.494484E-5;4.518979E-5;6.487714E-5;4.537149E-5
1.059929E1;6.488790E-5;4.530734E-5;6.488743E-5;4.530497E-5;6.501822E-5;4.531407E-5;6.485421E-5;4.523586E-5;6.478636E-5;4.542190E-5
1.066596E1;6.489566E-5;4.527932E-5;6.489659E-5;4.527945E-5;6.502901E-5;4.529386E-5;6.486321E-5;4.520850E-5;6.477747E-5;4.539372E-5
1.073262E1;6.492616E-5;4.530599E-5;6.492601E-5;4.530466E-5;6.506157E-5;4.532543E-5;6.489278E-5;4.523280E-5;6.480994E-5;4.537953E-5
1.079928E1;6.491984E-5;4.529414E-5;6.492201E-5;4.529233E-5;6.505719E-5;4.531518E-5;6.489030E-5;4.521987E-5;6.481046E-5;4.534435E-5
1.086594E1;6.486717E-5;4.533210E-5;6.486609E-5;4.533130E-5;6.500514E-5;4.534604E-5;6.483111E-5;4.526106E-5;6.475606E-5;4.537199E-5
1.093260E1;6.478647E-5;4.535584E-5;6.478810E-5;4.535299E-5;6.492613E-5;4.536434E-5;6.475315E-5;4.528350E-5;6.467754E-5;4.539223E-5
1.099927E1;6.473586E-5;4.535985E-5;6.473772E-5;4.535969E-5;6.487982E-5;4.537229E-5;6.470179E-5;4.528955E-5;6.462549E-5;4.539078E-5
1.106593E1;6.477514E-5;4.539238E-5;6.477625E-5;4.539155E-5;6.490158E-5;4.539894E-5;6.474334E-5;4.532384E-5;6.467026E-5;4.542046E-5
1.113259E1;6.491307E-5;4.528429E-5;6.491111E-5;4.528349E-5;6.503815E-5;4.527139E-5;6.487935E-5;4.521223E-5;6.480994E-5;4.529915E-5
1.119925E1;6.486554E-5;4.530815E-5;6.486396E-5;4.530849E-5;6.499767E-5;4.526353E-5;6.482960E-5;4.523713E-5;6.475945E-5;4.532502E-5
1.126592E1;6.479598E-5;4.541703E-5;6.479524E-5;4.541765E-5;6.493074E-5;4.536370E-5;6.475952E-5;4.534649E-5;6.468802E-5;4.543593E-5
1.133258E1;6.485845E-5;4.533191E-5;6.485937E-5;4.532777E-5;6.499518E-5;4.525961E-5;6.482927E-5;4.525399E-5;6.475857E-5;4.532898E-5
1.139924E1;6.483887E-5;4.533050E-5;6.484059E-5;4.533023E-5;6.497376E-5;4.526046E-5;6.480820E-5;4.525814E-5;6.473766E-5;4.534444E-5
1.146590E1;6.487465E-5;4.537204E-5;6.487426E-5;4.537228E-5;6.503095E-5;4.530034E-5;6.484161E-5;4.530039E-5;6.477020E-5;4.538617E-5
1.153256E1;6.488190E-5;4.536598E-5;6.488029E-5;4.536605E-5;6.503296E-5;4.532541E-5;6.484625E-5;4.529489E-5;6.477544E-5;4.538083E-5
1.159923E1;6.485702E-5;4.534492E-5;6.485788E-5;4.534341E-5;6.500540E-5;4.532411E-5;6.482352E-5;4.527067E-5;6.475121E-5;4.535873E-5
1.166589E1;6.483841E-5;4.535882E-5;6.483828E-5;4.535884E-5;6.498601E-5;4.535341E-5;6.480422E-5;4.528555E-5;6.473209E-5;4.536964E-5
1.173255E1;6.485724E-5;4.537380E-5;6.485753E-5;4.537326E-5;6.500391E-5;4.537538E-5;6.482391E-5;4.530115E-5;6.475193E-5;4.538686E-5
1.179921E1;6.496407E-5;4.523652E-5;6.496576E-5;4.523314E-5;6.511198E-5;4.523686E-5;6.493245E-5;4.516147E-5;6.485910E-5;4.523989E-5
1.186588E1;6.490411E-5;4.532125E-5;6.490287E-5;4.532074E-5;6.504502E-5;4.532862E-5;6.486865E-5;4.525099E-5;6.479831E-5;4.533732E-5
1.193254E1;6.495162E-5;4.528462E-5;6.495387E-5;4.528422E-5;6.509485E-5;4.529706E-5;6.491908E-5;4.521141E-5;6.484654E-5;4.529698E-5
1.199920E1;6.495548E-5;4.531428E-5;6.495634E-5;4.531348E-5;6.509904E-5;4.533014E-5;6.492216E-5;4.524210E-5;6.485243E-5;4.532628E-5
1.206586E1;6.492505E-5;4.532452E-5;6.492718E-5;4.532273E-5;6.506919E-5;4.533983E-5;6.489337E-5;4.525131E-5;6.482414E-5;4.533495E-5
1.213252E1;6.490459E-5;4.529718E-5;6.490864E-5;4.529645E-5;6.504770E-5;4.531248E-5;6.487472E-5;4.522523E-5;6.480241E-5;4.530962E-5
1.219919E1;6.491790E-5;4.535025E-5;6.491921E-5;4.534918E-5;6.506023E-5;4.536502E-5;6.488506E-5;4.527828E-5;6.481485E-5;4.536224E-5
1.226585E1;6.495314E-5;4.532426E-5;6.495450E-5;4.532422E-5;6.509286E-5;4.534168E-5;6.491954E-5;4.525269E-5;6.485068E-5;4.533801E-5
1.233251E1;6.490658E-5;4.531251E-5;6.490818E-5;4.531230E-5;6.504845E-5;4.533015E-5;6.487367E-5;4.524044E-5;6.480068E-5;4.532689E-5
1.239917E1;6.490391E-5;4.529711E-5;6.490734E-5;4.529695E-5;6.504622E-5;4.531323E-5;6.487352E-5;4.522714E-5;6.480210E-5;4.531011E-5
1.246584E1;6.493676E-5;4.531266E-5;6.494193E-5;4.531261E-5;6.508001E-5;4.532851E-5;6.490813E-5;4.524103E-5;6.483868E-5;4.532757E-5
1.253250E1;6.484784E-5;4.539985E-5;6.485142E-5;4.540124E-5;6.499152E-5;4.542104E-5;6.481785E-5;4.533005E-5;6.474657E-5;4.541455E-5
1.259916E1;6.486141E-5;4.539206E-5;6.486989E-5;4.539331E-5;6.500768E-5;4.541500E-5;6.483573E-5;4.532220E-5;6.476485E-5;4.540647E-5
1.266582E1;6.488980E-5;4.536585E-5;6.489674E-5;4.536830E-5;6.503620E-5;4.538787E-5;6.486465E-5;4.529658E-5;6.479816E-5;4.537867E-5
1.273248E1;6.485715E-5;4.543023E-5;6.486269E-5;4.543228E-5;6.500148E-5;4.545029E-5;6.482915E-5;4.536272E-5;6.475797E-5;4.544471E-5
1.279915E1;6.485795E-5;4.538096E-5;6.486477E-5;4.538065E-5;6.500398E-5;4.539918E-5;6.483167E-5;4.530946E-5;6.476364E-5;4.539125E-5
1.286581E1;6.488300E-5;4.535586E-5;6.488113E-5;4.535586E-5;6.502342E-5;4.537491E-5;6.484670E-5;4.528405E-5;6.477598E-5;4.537125E-5
1.293247E1;6.493589E-5;4.533860E-5;6.492978E-5;4.531894E-5;6.507342E-5;4.535286E-5;6.489438E-5;4.524897E-5;6.482286E-5;4.533137E-5
1.299913E1;6.494473E-5;4.533958E-5;6.490800E-5;4.533414E-5;6.508493E-5;4.535289E-5;6.487442E-5;4.526547E-5;6.480181E-5;4.535372E-5
1.306580E1;6.489454E-5;4.536946E-5;6.483840E-5;4.538067E-5;6.503375E-5;4.537989E-5;6.480372E-5;4.531385E-5;6.474603E-5;4.540271E-5
1.313246E1;6.494996E-5;4.533530E-5;6.490575E-5;4.532770E-5;6.508862E-5;4.534943E-5;6.487162E-5;4.525735E-5;6.479566E-5;4.537491E-5
1.319912E1;6.491515E-5;4.533238E-5;6.485580E-5;4.534253E-5;6.505329E-5;4.534239E-5;6.482182E-5;4.527453E-5;6.474669E-5;4.538534E-5
1.326578E1;6.494085E-5;4.530490E-5;6.489757E-5;4.529889E-5;6.507492E-5;4.531202E-5;6.486315E-5;4.522910E-5;6.478925E-5;4.532673E-5
1.333244E1;6.493847E-5;4.534203E-5;6.487341E-5;4.533718E-5;6.507616E-5;4.535444E-5;6.483916E-5;4.526799E-5;6.476594E-5;4.536428E-5
1.339911E1;6.496714E-5;4.536585E-5;6.488883E-5;4.535914E-5;6.510848E-5;4.538144E-5;6.485482E-5;4.528815E-5;6.478271E-5;4.537966E-5
1.346577E1;6.496483E-5;4.531208E-5;6.488061E-5;4.530299E-5;6.510553E-5;4.533006E-5;6.484790E-5;4.523129E-5;6.477560E-5;4.531905E-5
1.353243E1;6.498669E-5;4.528683E-5;6.489891E-5;4.528041E-5;6.512755E-5;4.530571E-5;6.486640E-5;4.520930E-5;6.479460E-5;4.529064E-5
1.359909E1;6.495150E-5;4.536520E-5;6.485681E-5;4.536194E-5;6.509142E-5;4.538259E-5;6.482229E-5;4.529144E-5;6.475053E-5;4.538039E-5
1.366576E1;6.490392E-5;4.537477E-5;6.480723E-5;4.537709E-5;6.504523E-5;4.538529E-5;6.477130E-5;4.530877E-5;6.471614E-5;4.541621E-5
1.373242E1;6.492275E-5;4.530576E-5;6.482231E-5;4.532203E-5;6.506188E-5;4.531830E-5;6.478695E-5;4.525168E-5;6.474861E-5;4.536342E-5
1.379908E1;6.490181E-5;4.535458E-5;6.484058E-5;4.536665E-5;6.504326E-5;4.537031E-5;6.480596E-5;4.529796E-5;6.477087E-5;4.540554E-5
1.386574E1;6.488589E-5;4.533496E-5;6.484581E-5;4.534065E-5;6.502740E-5;4.535018E-5;6.481045E-5;4.527070E-5;6.476277E-5;4.540716E-5
1.393240E1;6.491733E-5;4.529261E-5;6.488963E-5;4.529556E-5;6.505620E-5;4.531381E-5;6.485598E-5;4.522349E-5;6.478321E-5;4.536740E-5
1.399907E1;6.491054E-5;4.532960E-5;6.489412E-5;4.533096E-5;6.505258E-5;4.534784E-5;6.485984E-5;4.525980E-5;6.478710E-5;4.538751E-5
1.406573E1;6.496171E-5;4.527898E-5;6.495044E-5;4.527892E-5;6.510236E-5;4.529298E-5;6.491839E-5;4.520849E-5;6.484665E-5;4.531463E-5
1.413239E1;6.500233E-5;4.528009E-5;6.499419E-5;4.528235E-5;6.514338E-5;4.529721E-5;6.495974E-5;4.521190E-5;6.488771E-5;4.531131E-5
1.419905E1;6.496660E-5;4.531168E-5;6.495666E-5;4.531247E-5;6.510609E-5;4.532314E-5;6.492180E-5;4.524391E-5;6.485084E-5;4.534165E-5
1.426572E1;6.494206E-5;4.534127E-5;6.493445E-5;4.534296E-5;6.508328E-5;4.535413E-5;6.489957E-5;4.527427E-5;6.482976E-5;4.537063E-5
1.433238E1;6.491233E-5;4.538203E-5;6.490869E-5;4.538513E-5;6.505834E-5;4.540029E-5;6.487315E-5;4.531522E-5;6.482058E-5;4.540882E-5
1.439904E1;6.490165E-5;4.541147E-5;6.489749E-5;4.541292E-5;6.504314E-5;4.542840E-5;6.486212E-5;4.534198E-5;6.478592E-5;4.546866E-5
1.446570E1;6.492591E-5;4.529329E-5;6.492674E-5;4.529141E-5;6.506404E-5;4.530916E-5;6.489335E-5;4.522064E-5;6.481725E-5;4.532339E-5
1.453236E1;6.495647E-5;4.531237E-5;6.495551E-5;4.531188E-5;6.509726E-5;4.532670E-5;6.492187E-5;4.524188E-5;6.484891E-5;4.533973E-5
1.459903E1;6.494403E-5;4.530528E-5;6.494370E-5;4.530348E-5;6.508625E-5;4.531510E-5;6.491136E-5;4.523490E-5;6.483825E-5;4.533147E-5
1.466569E1;6.489072E-5;4.531940E-5;6.489230E-5;4.532016E-5;6.503076E-5;4.533464E-5;6.485733E-5;4.525024E-5;6.478443E-5;4.534487E-5
1.473235E1;6.492940E-5;4.535920E-5;6.493152E-5;4.535758E-5;6.507132E-5;4.537906E-5;6.489801E-5;4.530248E-5;6.482665E-5;4.539259E-5
1.479901E1;6.494080E-5;4.533359E-5;6.493937E-5;4.533342E-5;6.508300E-5;4.535332E-5;6.494150E-5;4.525491E-5;6.486902E-5;4.534024E-5
1.486568E1;6.489290E-5;4.535465E-5;6.489139E-5;4.535468E-5;6.503379E-5;4.536645E-5;6.488151E-5;4.528234E-5;6.480978E-5;4.537015E-5
1.493234E1;6.487341E-5;4.537773E-5;6.487241E-5;4.537921E-5;6.501317E-5;4.538415E-5;6.485326E-5;4.531243E-5;6.479860E-5;4.540386E-5
1.499900E1;6.488139E-5;4.533772E-5;6.488275E-5;4.533687E-5;6.502074E-5;4.534957E-5;6.485809E-5;4.526588E-5;6.478160E-5;4.539035E-5
1.506566E1;6.488490E-5;4.532541E-5;6.488367E-5;4.532551E-5;6.502343E-5;4.533691E-5;6.485511E-5;4.525638E-5;6.478087E-5;4.536592E-5
1.513232E1;6.492162E-5;4.530663E-5;6.492091E-5;4.530744E-5;6.505556E-5;4.531767E-5;6.489247E-5;4.523874E-5;6.482024E-5;4.534046E-5
1.519899E1;6.484886E-5;4.538905E-5;6.485014E-5;4.538979E-5;6.499003E-5;4.540658E-5;6.481856E-5;4.532119E-5;6.474516E-5;4.542139E-5
1.526565E1;6.484953E-5;4.535414E-5;6.484846E-5;4.535450E-5;6.499171E-5;4.537379E-5;6.481629E-5;4.528326E-5;6.474454E-5;4.537539E-5
1.533231E1;6.487406E-5;4.537451E-5;6.487291E-5;4.537374E-5;6.501430E-5;4.538782E-5;6.483989E-5;4.530385E-5;6.476898E-5;4.539216E-5
1.539897E1;6.484705E-5;4.540686E-5;6.484711E-5;4.540577E-5;6.498240E-5;4.541616E-5;6.481421E-5;4.533649E-5;6.474290E-5;4.542750E-5
1.546564E1;6.488366E-5;4.537541E-5;6.488396E-5;4.537572E-5;6.502239E-5;4.539452E-5;6.485187E-5;4.530329E-5;6.478116E-5;4.538982E-5
1.553230E1;6.487222E-5;4.535943E-5;6.487223E-5;4.535808E-5;6.501240E-5;4.537267E-5;6.484003E-5;4.528822E-5;6.476855E-5;4.537310E-5
1.559896E1;6.492581E-5;4.535665E-5;6.492632E-5;4.535399E-5;6.506733E-5;4.537587E-5;6.489379E-5;4.528199E-5;6.482262E-5;4.536348E-5
1.566562E1;6.482232E-5;4.535787E-5;6.482352E-5;4.535642E-5;6.496248E-5;4.537372E-5;6.479023E-5;4.528441E-5;6.471937E-5;4.536970E-5
1.573228E1;6.486282E-5;4.535845E-5;6.486472E-5;4.535740E-5;6.500241E-5;4.537932E-5;6.483241E-5;4.528573E-5;6.476108E-5;4.537250E-5
1.579895E1;6.487354E-5;4.529391E-5;6.487414E-5;4.529263E-5;6.501121E-5;4.530978E-5;6.484215E-5;4.522177E-5;6.477104E-5;4.530398E-5
1.586561E1;6.495882E-5;4.528453E-5;6.495973E-5;4.528303E-5;6.509868E-5;4.530219E-5;6.492822E-5;4.521178E-5;6.485601E-5;4.529729E-5
1.593227E1;6.488415E-5;4.541647E-5;6.488606E-5;4.541595E-5;6.502677E-5;4.543824E-5;6.485239E-5;4.534329E-5;6.478014E-5;4.543327E-5
1.599893E1;6.486975E-5;4.536637E-5;6.487313E-5;4.536571E-5;6.501114E-5;4.539022E-5;6.484025E-5;4.529128E-5;6.476903E-5;4.537642E-5
1.606560E1;6.494825E-5;4.532957E-5;6.495063E-5;4.532824E-5;6.509088E-5;4.534865E-5;6.491675E-5;4.525470E-5;6.484528E-5;4.534245E-5
1.613226E1;6.498028E-5;4.531530E-5;6.498485E-5;4.531238E-5;6.512445E-5;4.532678E-5;6.495166E-5;4.524138E-5;6.488246E-5;4.531788E-5
1.619892E1;6.493929E-5;4.529755E-5;6.494246E-5;4.529820E-5;6.508053E-5;4.531579E-5;6.490702E-5;4.522743E-5;6.483600E-5;4.530991E-5
1.626558E1;6.491493E-5;4.534071E-5;6.492060E-5;4.534124E-5;6.505821E-5;4.535884E-5;6.488634E-5;4.527115E-5;6.481543E-5;4.535551E-5
1.633224E1;6.488487E-5;4.533107E-5;6.489120E-5;4.533266E-5;6.502829E-5;4.534682E-5;6.485856E-5;4.526342E-5;6.478729E-5;4.535212E-5
1.639891E1;6.489910E-5;4.532919E-5;6.490207E-5;4.532895E-5;6.504138E-5;4.534429E-5;6.486815E-5;4.525933E-5;6.479755E-5;4.534553E-5
1.646557E1;6.491229E-5;4.532729E-5;6.491580E-5;4.532651E-5;6.505531E-5;4.534591E-5;6.488252E-5;4.525407E-5;6.481293E-5;4.533777E-5
1.653223E1;6.487016E-5;4.533122E-5;6.487799E-5;4.532983E-5;6.501488E-5;4.534733E-5;6.484359E-5;4.525928E-5;6.477369E-5;4.534313E-5
1.659889E1;6.488068E-5;4.531328E-5;6.488751E-5;4.531332E-5;6.502523E-5;4.533400E-5;6.485556E-5;4.524202E-5;6.478669E-5;4.532497E-5
1.666556E1;6.487206E-5;4.534410E-5;6.488065E-5;4.534437E-5;6.501808E-5;4.536340E-5;6.485003E-5;4.527244E-5;6.478152E-5;4.535852E-5
1.673222E1;6.486952E-5;4.534613E-5;6.486861E-5;4.534727E-5;6.501106E-5;4.536381E-5;6.483428E-5;4.527640E-5;6.476228E-5;4.536225E-5
1.679888E1;6.489081E-5;4.531535E-5;6.489461E-5;4.531380E-5;6.503398E-5;4.533358E-5;6.486211E-5;4.524172E-5;6.479149E-5;4.532517E-5
1.686554E1;6.487170E-5;4.533417E-5;6.487590E-5;4.533361E-5;6.501605E-5;4.535238E-5;6.484352E-5;4.526173E-5;6.477322E-5;4.534605E-5
1.693220E1;6.491345E-5;4.527030E-5;6.492077E-5;4.527134E-5;6.506000E-5;4.528901E-5;6.488878E-5;4.520133E-5;6.481995E-5;4.528388E-5
1.699887E1;6.494411E-5;4.529759E-5;6.495048E-5;4.529897E-5;6.508923E-5;4.531666E-5;6.491813E-5;4.522820E-5;6.485044E-5;4.531150E-5
1.706553E1;6.496534E-5;4.530889E-5;6.496457E-5;4.530936E-5;6.510648E-5;4.532703E-5;6.492829E-5;4.523750E-5;6.485635E-5;4.532250E-5
1.713219E1;6.492742E-5;4.529894E-5;6.492240E-5;4.529942E-5;6.506475E-5;4.531679E-5;6.488811E-5;4.522895E-5;6.481694E-5;4.531318E-5
1.719885E1;6.489628E-5;4.533944E-5;6.489280E-5;4.534107E-5;6.503459E-5;4.535884E-5;6.485744E-5;4.527060E-5;6.478576E-5;4.535679E-5
1.726552E1;6.484018E-5;4.534046E-5;6.483773E-5;4.534114E-5;6.498107E-5;4.535678E-5;6.480244E-5;4.527025E-5;6.472960E-5;4.535589E-5
1.733218E1;6.485296E-5;4.533387E-5;6.485553E-5;4.533502E-5;6.499674E-5;4.534954E-5;6.482098E-5;4.526561E-5;6.475027E-5;4.534897E-5
1.739884E1;6.491279E-5;4.533858E-5;6.490722E-5;4.533933E-5;6.505074E-5;4.535591E-5;6.487101E-5;4.526931E-5;6.479966E-5;4.535695E-5
1.746550E1;6.489955E-5;4.533951E-5;6.489661E-5;4.534056E-5;6.503943E-5;4.535881E-5;6.486177E-5;4.526898E-5;6.479037E-5;4.535712E-5
1.753216E1;6.482131E-5;4.538003E-5;6.482195E-5;4.538192E-5;6.496056E-5;4.540107E-5;6.478869E-5;4.531136E-5;6.473749E-5;4.540109E-5
1.759883E1;6.490140E-5;4.525095E-5;6.490278E-5;4.525240E-5;6.504125E-5;4.526919E-5;6.487065E-5;4.518482E-5;6.481580E-5;4.530192E-5
1.766549E1;6.483816E-5;4.530674E-5;6.483653E-5;4.530673E-5;6.497851E-5;4.532448E-5;6.480479E-5;4.523729E-5;6.472489E-5;4.537511E-5
1.773215E1;6.491026E-5;4.518296E-5;6.491615E-5;4.518304E-5;6.505558E-5;4.519878E-5;6.488121E-5;4.511237E-5;6.480278E-5;4.522936E-5
1.779881E1;6.489072E-5;4.522449E-5;6.489266E-5;4.522471E-5;6.503300E-5;4.524504E-5;6.485820E-5;4.515356E-5;6.478201E-5;4.526563E-5
1.786548E1;6.487472E-5;4.528517E-5;6.487685E-5;4.528637E-5;6.501685E-5;4.530290E-5;6.484239E-5;4.521486E-5;6.476825E-5;4.531667E-5
1.793214E1;6.479054E-5;4.533696E-5;6.479271E-5;4.533639E-5;6.493248E-5;4.535599E-5;6.475832E-5;4.526518E-5;6.468508E-5;4.536511E-5
1.799880E1;6.486536E-5;4.534639E-5;6.486539E-5;4.534623E-5;6.500379E-5;4.536619E-5;6.483256E-5;4.527682E-5;6.476188E-5;4.537147E-5
1.806546E1;6.492960E-5;4.535321E-5;6.493000E-5;4.535262E-5;6.506777E-5;4.537108E-5;6.489560E-5;4.528157E-5;6.482717E-5;4.539713E-5
1.813212E1;6.494884E-5;4.527071E-5;6.495008E-5;4.527522E-5;6.509039E-5;4.528959E-5;6.491772E-5;4.520621E-5;6.488084E-5;4.528532E-5
1.819879E1;6.487923E-5;4.538244E-5;6.487836E-5;4.538432E-5;6.502309E-5;4.540215E-5;6.484304E-5;4.531244E-5;6.481208E-5;4.540071E-5
1.826545E1;6.483986E-5;4.536579E-5;6.484109E-5;4.536631E-5;6.498330E-5;4.538270E-5;6.480545E-5;4.529523E-5;6.475932E-5;4.542146E-5
1.833211E1;6.486499E-5;4.535712E-5;6.486550E-5;4.535646E-5;6.500731E-5;4.537362E-5;6.483051E-5;4.528495E-5;6.477644E-5;4.542922E-5
1.839877E1;6.485880E-5;4.531628E-5;6.486235E-5;4.531812E-5;6.500370E-5;4.533315E-5;6.482781E-5;4.524742E-5;6.476726E-5;4.540397E-5
1.846544E1;6.485971E-5;4.534059E-5;6.486103E-5;4.534081E-5;6.500309E-5;4.535608E-5;6.482620E-5;4.526952E-5;6.476322E-5;4.543940E-5
1.853210E1;6.488220E-5;4.532413E-5;6.488537E-5;4.532608E-5;6.502530E-5;4.534425E-5;6.485102E-5;4.525491E-5;6.478486E-5;4.543158E-5
1.859876E1;6.485572E-5;4.535554E-5;6.485803E-5;4.535676E-5;6.499884E-5;4.537406E-5;6.482247E-5;4.528543E-5;6.475533E-5;4.546601E-5
1.866542E1;6.485486E-5;4.535886E-5;6.485557E-5;4.535991E-5;6.499776E-5;4.537339E-5;6.482081E-5;4.528889E-5;6.475246E-5;4.547443E-5
1.873208E1;6.486791E-5;4.523463E-5;6.486909E-5;4.523313E-5;6.501204E-5;4.524836E-5;6.483308E-5;4.516024E-5;6.476537E-5;4.534118E-5
1.879875E1;6.490899E-5;4.528365E-5;6.490719E-5;4.528442E-5;6.504617E-5;4.529820E-5;6.487379E-5;4.521303E-5;6.478390E-5;4.539467E-5
1.886541E1;6.491206E-5;4.525336E-5;6.490910E-5;4.525405E-5;6.505109E-5;4.526967E-5;6.487444E-5;4.518348E-5;6.481106E-5;4.532880E-5
1.893207E1;6.482968E-5;4.525801E-5;6.482885E-5;4.525990E-5;6.496626E-5;4.526965E-5;6.479538E-5;4.519154E-5;6.473242E-5;4.535461E-5
1.899873E1;6.485740E-5;4.525579E-5;6.485842E-5;4.525668E-5;6.499948E-5;4.526931E-5;6.482371E-5;4.518907E-5;6.475568E-5;4.535997E-5
1.906540E1;6.484454E-5;4.525314E-5;6.484565E-5;4.525544E-5;6.498426E-5;4.526872E-5;6.481303E-5;4.519072E-5;6.474467E-5;4.536807E-5
1.913206E1;6.484915E-5;4.525258E-5;6.484981E-5;4.525547E-5;6.498848E-5;4.527287E-5;6.481571E-5;4.518795E-5;6.474576E-5;4.537477E-5
1.919872E1;6.492743E-5;4.522105E-5;6.492664E-5;4.522033E-5;6.506690E-5;4.523789E-5;6.489362E-5;4.515165E-5;6.482786E-5;4.535771E-5
1.926538E1;6.494121E-5;4.517482E-5;6.494092E-5;4.517260E-5;6.507807E-5;4.518367E-5;6.490726E-5;4.510363E-5;6.487963E-5;4.528358E-5
1.933204E1;6.498134E-5;4.516442E-5;6.498159E-5;4.516399E-5;6.512258E-5;4.518181E-5;6.494790E-5;4.509184E-5;6.487771E-5;4.526776E-5
1.939871E1;6.490690E-5;4.522805E-5;6.490866E-5;4.522404E-5;6.505230E-5;4.524335E-5;6.487625E-5;4.515125E-5;6.482798E-5;4.531731E-5
1.946537E1;6.485396E-5;4.521263E-5;6.485813E-5;4.521072E-5;6.499347E-5;4.522785E-5;6.482430E-5;4.513755E-5;6.480141E-5;4.529541E-5
1.953203E1;6.491068E-5;4.521653E-5;6.491384E-5;4.521398E-5;6.505042E-5;4.523042E-5;6.488032E-5;4.514176E-5;6.484340E-5;4.532953E-5
1.959869E1;6.478979E-5;4.523283E-5;6.479406E-5;4.522984E-5;6.492909E-5;4.524477E-5;6.476232E-5;4.515925E-5;6.474106E-5;4.534548E-5
1.966536E1;6.487420E-5;4.522299E-5;6.487933E-5;4.522195E-5;6.501556E-5;4.524035E-5;6.484635E-5;4.515168E-5;6.484754E-5;4.534017E-5
1.973202E1;6.484213E-5;4.520323E-5;6.484604E-5;4.520118E-5;6.498281E-5;4.521857E-5;6.481415E-5;4.513056E-5;6.482291E-5;4.530083E-5
1.979868E1;6.486505E-5;4.519564E-5;6.487008E-5;4.519226E-5;6.500732E-5;4.520972E-5;6.483686E-5;4.512219E-5;6.481576E-5;4.529664E-5
1.986534E1;6.486236E-5;4.519706E-5;6.485970E-5;4.519799E-5;6.500037E-5;4.520869E-5;6.482404E-5;4.512970E-5;6.479201E-5;4.530738E-5
1.993200E1;6.485085E-5;4.518042E-5;6.485161E-5;4.517833E-5;6.499159E-5;4.519163E-5;6.481614E-5;4.510939E-5;6.476677E-5;4.528836E-5
1.999867E1;6.485112E-5;4.524304E-5;6.485260E-5;4.524244E-5;6.499247E-5;4.525822E-5;6.481785E-5;4.517180E-5;6.476215E-5;4.535592E-5
2.006533E1;6.486068E-5;4.532147E-5;6.486024E-5;4.532175E-5;6.500095E-5;4.533779E-5;6.482417E-5;4.525181E-5;6.476431E-5;4.544290E-5
2.013199E1;6.490310E-5;4.525673E-5;6.490578E-5;4.525610E-5;6.504259E-5;4.528029E-5;6.487162E-5;4.518413E-5;6.481005E-5;4.537228E-5
2.019865E1;6.481779E-5;4.521007E-5;6.482088E-5;4.520351E-5;6.495966E-5;4.522504E-5;6.478889E-5;4.513134E-5;6.472175E-5;4.531636E-5
2.026532E1;6.479676E-5;4.523762E-5;6.480345E-5;4.523290E-5;6.493877E-5;4.525926E-5;6.477241E-5;4.516003E-5;6.470441E-5;4.534878E-5
2.033198E1;6.482228E-5;4.525439E-5;6.483106E-5;4.525584E-5;6.496662E-5;4.527562E-5;6.480000E-5;4.518377E-5;6.473117E-5;4.537719E-5
2.039864E1;6.479224E-5;4.523249E-5;6.480096E-5;4.523425E-5;6.493704E-5;4.525359E-5;6.476812E-5;4.516424E-5;6.469785E-5;4.535644E-5
2.046530E1;6.481975E-5;4.523213E-5;6.482374E-5;4.523121E-5;6.496267E-5;4.524730E-5;6.479023E-5;4.516065E-5;6.472127E-5;4.534976E-5
2.053196E1;6.486591E-5;4.523439E-5;6.486514E-5;4.523496E-5;6.500739E-5;4.525183E-5;6.483067E-5;4.516475E-5;6.476060E-5;4.535383E-5
2.059863E1;6.487508E-5;4.522601E-5;6.487819E-5;4.522471E-5;6.501871E-5;4.524193E-5;6.484436E-5;4.515318E-5;6.477411E-5;4.534242E-5
2.066529E1;6.491222E-5;4.518372E-5;6.491079E-5;4.518164E-5;6.505383E-5;4.519726E-5;6.487609E-5;4.511079E-5;6.480653E-5;4.529267E-5
2.073195E1;6.491105E-5;4.516060E-5;6.490886E-5;4.516003E-5;6.505193E-5;4.517569E-5;6.487321E-5;4.508998E-5;6.479005E-5;4.526783E-5
2.079861E1;6.489345E-5;4.522191E-5;6.489173E-5;4.522167E-5;6.503265E-5;4.524112E-5;6.485643E-5;4.515009E-5;6.479212E-5;4.530556E-5
2.086528E1;6.487441E-5;4.531057E-5;6.487323E-5;4.531087E-5;6.501372E-5;4.533066E-5;6.483804E-5;4.523964E-5;6.477217E-5;4.540663E-5
2.093194E1;6.488900E-5;4.522945E-5;6.488925E-5;4.522896E-5;6.502968E-5;4.524746E-5;6.485336E-5;4.515770E-5;6.478591E-5;4.533262E-5
2.099860E1;6.486786E-5;4.522340E-5;6.486832E-5;4.522395E-5;6.501008E-5;4.524036E-5;6.483363E-5;4.515435E-5;6.476496E-5;4.533255E-5
2.106526E1;6.482511E-5;4.524822E-5;6.482458E-5;4.525148E-5;6.496545E-5;4.525515E-5;6.478899E-5;4.518609E-5;6.471852E-5;4.535967E-5
2.113192E1;6.483258E-5;4.523922E-5;6.483192E-5;4.524655E-5;6.497169E-5;4.525357E-5;6.479637E-5;4.518034E-5;6.472782E-5;4.536689E-5
2.119859E1;6.484684E-5;4.515100E-5;6.485795E-5;4.515631E-5;6.498853E-5;4.515926E-5;6.482348E-5;4.508820E-5;6.473822E-5;4.526832E-5
2.126525E1;6.496310E-5;4.518727E-5;6.495594E-5;4.522135E-5;6.510150E-5;4.519733E-5;6.492135E-5;4.515303E-5;6.485674E-5;4.530405E-5
2.133191E1;6.500220E-5;4.519042E-5;6.499701E-5;4.521177E-5;6.513957E-5;4.520320E-5;6.496237E-5;4.514266E-5;6.489377E-5;4.531111E-5
2.139857E1;6.500686E-5;4.514672E-5;6.501667E-5;4.516270E-5;6.514673E-5;4.515530E-5;6.498406E-5;4.509550E-5;6.490290E-5;4.526254E-5
2.146524E1;6.497018E-5;4.519497E-5;6.496497E-5;4.523739E-5;6.510919E-5;4.520816E-5;6.493076E-5;4.516787E-5;6.487043E-5;4.531558E-5
2.153190E1;6.491610E-5;4.523273E-5;6.491156E-5;4.526293E-5;6.505718E-5;4.524955E-5;6.487746E-5;4.519360E-5;6.481407E-5;4.535472E-5
2.159856E1;6.480482E-5;4.521937E-5;6.480205E-5;4.523766E-5;6.494015E-5;4.523355E-5;6.476920E-5;4.516990E-5;6.470412E-5;4.533943E-5
2.166522E1;6.482951E-5;4.521552E-5;6.482944E-5;4.522529E-5;6.496575E-5;4.522420E-5;6.479471E-5;4.515672E-5;6.472847E-5;4.533299E-5
2.173188E1;6.488471E-5;4.514338E-5;6.488551E-5;4.515180E-5;6.502720E-5;4.515074E-5;6.486648E-5;4.508380E-5;6.478102E-5;4.525477E-5
2.179855E1;6.488514E-5;4.517358E-5;6.488487E-5;4.517678E-5;6.502009E-5;4.517753E-5;6.484654E-5;4.514260E-5;6.478370E-5;4.528700E-5
2.186521E1;6.481641E-5;4.524551E-5;6.481680E-5;4.524793E-5;6.494897E-5;4.524221E-5;6.479294E-5;4.520544E-5;6.471381E-5;4.537322E-5
2.193187E1;6.487223E-5;4.526593E-5;6.487187E-5;4.526933E-5;6.497093E-5;4.528004E-5;6.484687E-5;4.525306E-5;6.476975E-5;4.539228E-5
2.199853E1;6.481103E-5;4.520918E-5;6.481113E-5;4.521047E-5;6.492187E-5;4.523052E-5;6.478351E-5;4.522740E-5;6.470699E-5;4.532660E-5
2.206520E1;6.488731E-5;4.522532E-5;6.488711E-5;4.522582E-5;6.501000E-5;4.523889E-5;6.488899E-5;4.523349E-5;6.478448E-5;4.534779E-5
2.213186E1;6.490286E-5;4.513589E-5;6.490300E-5;4.513550E-5;6.503524E-5;4.514539E-5;6.489220E-5;4.514732E-5;6.479788E-5;4.524917E-5
2.219852E1;6.485443E-5;4.523886E-5;6.485419E-5;4.523634E-5;6.498243E-5;4.524575E-5;6.483757E-5;4.525981E-5;6.475120E-5;4.536016E-5
2.226518E1;6.480206E-5;4.521589E-5;6.480083E-5;4.521511E-5;6.493238E-5;4.523382E-5;6.478179E-5;4.525817E-5;6.469832E-5;4.533601E-5
2.233184E1;6.487440E-5;4.517285E-5;6.487304E-5;4.517279E-5;6.501118E-5;4.518283E-5;6.486378E-5;4.519564E-5;6.477042E-5;4.529206E-5
2.239851E1;6.490125E-5;4.516137E-5;6.489798E-5;4.516007E-5;6.502352E-5;4.516460E-5;6.488345E-5;4.514592E-5;6.478048E-5;4.527274E-5
2.246517E1;6.483344E-5;4.527067E-5;6.481812E-5;4.526674E-5;6.495234E-5;4.522460E-5;6.481321E-5;4.523977E-5;6.472091E-5;4.535778E-5
2.253183E1;6.477788E-5;4.531584E-5;6.477453E-5;4.527339E-5;6.486002E-5;4.524843E-5;6.475183E-5;4.526402E-5;6.466595E-5;4.537088E-5
2.259849E1;6.474756E-5;4.531119E-5;6.474880E-5;4.528430E-5;6.485595E-5;4.523655E-5;6.471984E-5;4.525241E-5;6.463860E-5;4.535209E-5
2.266516E1;6.485557E-5;4.524597E-5;6.485296E-5;4.522781E-5;6.497121E-5;4.516887E-5;6.482283E-5;4.518420E-5;6.474561E-5;4.527840E-5
2.273182E1;6.491498E-5;4.523231E-5;6.491262E-5;4.521839E-5;6.503898E-5;4.514282E-5;6.488141E-5;4.516567E-5;6.480686E-5;4.525197E-5
2.279848E1;6.487026E-5;4.513246E-5;6.486882E-5;4.512075E-5;6.500201E-5;4.503839E-5;6.483645E-5;4.506103E-5;6.476200E-5;4.514221E-5
2.286514E1;6.483944E-5;4.522175E-5;6.484081E-5;4.521313E-5;6.497477E-5;4.511482E-5;6.480514E-5;4.515267E-5;6.473251E-5;4.524516E-5
2.293180E1;6.488254E-5;4.518152E-5;6.487503E-5;4.517205E-5;6.499432E-5;4.506671E-5;6.484232E-5;4.510879E-5;6.477529E-5;4.519520E-5
2.299847E1;6.485820E-5;4.524319E-5;6.485169E-5;4.523166E-5;6.497483E-5;4.513011E-5;6.481752E-5;4.516791E-5;6.475163E-5;4.525312E-5
2.306513E1;6.483971E-5;4.522474E-5;6.483293E-5;4.521919E-5;6.496253E-5;4.511771E-5;6.480104E-5;4.515443E-5;6.473435E-5;4.524548E-5
2.313179E1;6.483007E-5;4.520757E-5;6.482330E-5;4.520156E-5;6.495210E-5;4.509094E-5;6.479210E-5;4.513615E-5;6.472481E-5;4.522419E-5
2.319845E1;6.481655E-5;4.523681E-5;6.481416E-5;4.522424E-5;6.490541E-5;4.513122E-5;6.478104E-5;4.516452E-5;6.471247E-5;4.525541E-5
2.326512E1;6.488292E-5;4.521478E-5;6.485072E-5;4.521232E-5;6.496190E-5;4.511844E-5;6.484792E-5;4.513931E-5;6.477586E-5;4.522103E-5
2.333178E1;6.486110E-5;4.523589E-5;6.483698E-5;4.523414E-5;6.496041E-5;4.513670E-5;6.482674E-5;4.516244E-5;6.475490E-5;4.525216E-5
2.339844E1;6.487706E-5;4.523245E-5;6.486492E-5;4.523214E-5;6.500699E-5;4.514436E-5;6.484346E-5;4.516013E-5;6.476987E-5;4.524598E-5
2.346510E1;6.491690E-5;4.520834E-5;6.490423E-5;4.520663E-5;6.503170E-5;4.511302E-5;6.488088E-5;4.513484E-5;6.481244E-5;4.522114E-5
2.353176E1;6.488187E-5;4.522603E-5;6.487406E-5;4.522161E-5;6.500573E-5;4.511885E-5;6.484588E-5;4.515196E-5;6.477476E-5;4.524356E-5
2.359843E1;6.485594E-5;4.522079E-5;6.485120E-5;4.521816E-5;6.498890E-5;4.512435E-5;6.482098E-5;4.514753E-5;6.474961E-5;4.523456E-5
2.366509E1;6.485558E-5;4.522571E-5;6.485403E-5;4.522459E-5;6.499615E-5;4.513785E-5;6.482132E-5;4.515393E-5;6.474859E-5;4.523841E-5
2.373175E1;6.492671E-5;4.518571E-5;6.492045E-5;4.518715E-5;6.505357E-5;4.511152E-5;6.488921E-5;4.511378E-5;6.481998E-5;4.519538E-5
2.379841E1;6.485210E-5;4.526090E-5;6.485045E-5;4.526425E-5;6.499454E-5;4.519048E-5;6.481611E-5;4.519160E-5;6.474463E-5;4.527696E-5
2.386508E1;6.483601E-5;4.520887E-5;6.483451E-5;4.520567E-5;6.496514E-5;4.513734E-5;6.480157E-5;4.513734E-5;6.473250E-5;4.522814E-5
2.393174E1;6.481946E-5;4.528932E-5;6.481589E-5;4.528392E-5;6.493930E-5;4.520250E-5;6.478230E-5;4.521525E-5;6.471674E-5;4.530390E-5
2.399840E1;6.482112E-5;4.525669E-5;6.481712E-5;4.525328E-5;6.491295E-5;4.517138E-5;6.478395E-5;4.518192E-5;6.471531E-5;4.526614E-5
2.406506E1;6.486376E-5;4.521056E-5;6.486104E-5;4.520807E-5;6.493540E-5;4.516113E-5;6.482680E-5;4.513700E-5;6.475776E-5;4.522499E-5
2.413172E1;6.486016E-5;4.525315E-5;6.485759E-5;4.525299E-5;6.491872E-5;4.519389E-5;6.482347E-5;4.518232E-5;6.475397E-5;4.527100E-5
2.419839E1;6.487109E-5;4.526267E-5;6.487028E-5;4.525946E-5;6.492129E-5;4.522589E-5;6.483450E-5;4.518963E-5;6.476428E-5;4.528000E-5
2.426505E1;6.486896E-5;4.520603E-5;6.486403E-5;4.519997E-5;6.490978E-5;4.518136E-5;6.483094E-5;4.513209E-5;6.476475E-5;4.522138E-5
2.433171E1;6.486653E-5;4.524828E-5;6.485746E-5;4.524505E-5;6.490134E-5;4.523775E-5;6.482264E-5;4.517325E-5;6.476030E-5;4.526182E-5
2.439837E1;6.485267E-5;4.520522E-5;6.484816E-5;4.520240E-5;6.488892E-5;4.520470E-5;6.481249E-5;4.512970E-5;6.474753E-5;4.521938E-5
2.446504E1;6.488235E-5;4.516454E-5;6.487580E-5;4.516178E-5;6.491081E-5;4.516661E-5;6.484039E-5;4.509022E-5;6.477806E-5;4.517723E-5
2.453170E1;6.489671E-5;4.519262E-5;6.489247E-5;4.518761E-5;6.492379E-5;4.515749E-5;6.485718E-5;4.511627E-5;6.479325E-5;4.520492E-5
2.459836E1;6.483166E-5;4.524642E-5;6.482927E-5;4.524346E-5;6.486597E-5;4.519730E-5;6.479335E-5;4.517145E-5;6.472838E-5;4.526604E-5
2.466502E1;6.477161E-5;4.524732E-5;6.477018E-5;4.524775E-5;6.480693E-5;4.522373E-5;6.473411E-5;4.517769E-5;6.466900E-5;4.526708E-5
2.473168E1;6.469091E-5;4.528900E-5;6.468889E-5;4.528729E-5;6.471991E-5;4.527670E-5;6.465157E-5;4.521498E-5;6.459576E-5;4.531695E-5
2.479835E1;6.473480E-5;4.527100E-5;6.472563E-5;4.526909E-5;6.476305E-5;4.523153E-5;6.468810E-5;4.519708E-5;6.467011E-5;4.528501E-5
2.486501E1;6.474243E-5;4.529348E-5;6.474298E-5;4.525666E-5;6.478028E-5;4.523951E-5;6.470775E-5;4.518559E-5;6.465777E-5;4.530250E-5
2.493167E1;6.484939E-5;4.522165E-5;6.485517E-5;4.517356E-5;6.489038E-5;4.516619E-5;6.482215E-5;4.510362E-5;6.475513E-5;4.523437E-5
2.499833E1;6.487187E-5;4.529987E-5;6.487003E-5;4.526583E-5;6.490678E-5;4.523147E-5;6.483357E-5;4.519567E-5;6.477592E-5;4.531411E-5
2.506500E1;6.486178E-5;4.528316E-5;6.486057E-5;4.522162E-5;6.489726E-5;4.520560E-5;6.482573E-5;4.515067E-5;6.476272E-5;4.529860E-5
2.513166E1;6.488514E-5;4.530211E-5;6.489250E-5;4.522736E-5;6.493007E-5;4.522244E-5;6.485844E-5;4.515530E-5;6.478054E-5;4.531028E-5
2.519832E1;6.483640E-5;4.530196E-5;6.483780E-5;4.521483E-5;6.487576E-5;4.521716E-5;6.480321E-5;4.514395E-5;6.473229E-5;4.531272E-5
2.526498E1;6.482442E-5;4.536953E-5;6.482008E-5;4.527275E-5;6.485726E-5;4.527941E-5;6.478528E-5;4.520286E-5;6.472389E-5;4.538586E-5
2.533164E1;6.489824E-5;4.529363E-5;6.489535E-5;4.522413E-5;6.492984E-5;4.519974E-5;6.485979E-5;4.515248E-5;6.479408E-5;4.530165E-5
2.539831E1;6.489988E-5;4.532213E-5;6.489365E-5;4.524204E-5;6.492890E-5;4.523186E-5;6.485827E-5;4.517129E-5;6.479771E-5;4.533573E-5
2.546497E1;6.487274E-5;4.537961E-5;6.486730E-5;4.528923E-5;6.489888E-5;4.528597E-5;6.482912E-5;4.521634E-5;6.477092E-5;4.539567E-5
2.553163E1;6.474743E-5;4.536021E-5;6.474555E-5;4.530778E-5;6.477967E-5;4.527521E-5;6.470822E-5;4.523647E-5;6.464796E-5;4.537198E-5
2.559829E1;6.483093E-5;4.531766E-5;6.482903E-5;4.527763E-5;6.485994E-5;4.522403E-5;6.479253E-5;4.520536E-5;6.472981E-5;4.533305E-5
2.566496E1;6.486217E-5;4.528498E-5;6.485495E-5;4.525512E-5;6.489087E-5;4.519233E-5;6.481917E-5;4.518309E-5;6.475737E-5;4.530050E-5
2.573162E1;6.483180E-5;4.534687E-5;6.483547E-5;4.528892E-5;6.487470E-5;4.524740E-5;6.480136E-5;4.521770E-5;6.472203E-5;4.536590E-5
2.579828E1;6.489693E-5;4.529673E-5;6.489392E-5;4.526043E-5;6.493116E-5;4.521025E-5;6.485962E-5;4.518921E-5;6.478936E-5;4.530682E-5
2.586494E1;6.488903E-5;4.531173E-5;6.488491E-5;4.525164E-5;6.492052E-5;4.522436E-5;6.484860E-5;4.518024E-5;6.478764E-5;4.532447E-5
2.593160E1;6.485084E-5;4.532953E-5;6.485154E-5;4.526648E-5;6.489237E-5;4.525481E-5;6.481589E-5;4.519590E-5;6.474447E-5;4.533679E-5
2.599827E1;6.477946E-5;4.532116E-5;6.478620E-5;4.524394E-5;6.482633E-5;4.524215E-5;6.474830E-5;4.517077E-5;6.467371E-5;4.532491E-5
2.606493E1;6.485432E-5;4.525841E-5;6.485681E-5;4.517241E-5;6.489733E-5;4.517695E-5;6.482251E-5;4.510104E-5;6.474551E-5;4.526736E-5
2.613159E1;6.489092E-5;4.523953E-5;6.489017E-5;4.517539E-5;6.492726E-5;4.518260E-5;6.485443E-5;4.510254E-5;6.478197E-5;4.523710E-5
2.619825E1;6.485818E-5;4.527994E-5;6.484892E-5;4.523209E-5;6.488674E-5;4.524433E-5;6.481265E-5;4.515963E-5;6.475993E-5;4.529619E-5
2.626492E1;6.489825E-5;4.529931E-5;6.489201E-5;4.523036E-5;6.492818E-5;4.524255E-5;6.485660E-5;4.515903E-5;6.479590E-5;4.531315E-5
2.633158E1;6.489030E-5;4.533274E-5;6.488259E-5;4.525074E-5;6.491867E-5;4.526406E-5;6.484557E-5;4.517893E-5;6.478967E-5;4.534705E-5
2.639824E1;6.482881E-5;4.536860E-5;6.482610E-5;4.527388E-5;6.485924E-5;4.528708E-5;6.478874E-5;4.520120E-5;6.472430E-5;4.538532E-5
2.646490E1;6.487408E-5;4.532011E-5;6.486647E-5;4.525857E-5;6.490432E-5;4.523774E-5;6.483007E-5;4.518670E-5;6.477075E-5;4.533368E-5
2.653156E1;6.495402E-5;4.525819E-5;6.495520E-5;4.518249E-5;6.499287E-5;4.517601E-5;6.492025E-5;4.511119E-5;6.484588E-5;4.526714E-5
2.659823E1;6.486206E-5;4.532453E-5;6.486456E-5;4.527496E-5;6.489706E-5;4.527376E-5;6.482862E-5;4.520457E-5;6.475856E-5;4.533953E-5
2.666489E1;6.483750E-5;4.536672E-5;6.484055E-5;4.534000E-5;6.487944E-5;4.530817E-5;6.480582E-5;4.526767E-5;6.472671E-5;4.538046E-5
2.673155E1;6.485033E-5;4.532360E-5;6.485138E-5;4.530277E-5;6.488674E-5;4.528613E-5;6.481620E-5;4.523129E-5;6.474420E-5;4.533709E-5
2.679821E1;6.490775E-5;4.530147E-5;6.490924E-5;4.528874E-5;6.494537E-5;4.524619E-5;6.487457E-5;4.521780E-5;6.480109E-5;4.531123E-5
2.686488E1;6.492791E-5;4.531562E-5;6.492806E-5;4.530827E-5;6.496650E-5;4.525235E-5;6.489442E-5;4.523687E-5;6.481688E-5;4.532520E-5
2.693154E1;6.491414E-5;4.531687E-5;6.491538E-5;4.531845E-5;6.499181E-5;4.527010E-5;6.488058E-5;4.524392E-5;6.480606E-5;4.532328E-5
2.699820E1;6.484556E-5;4.537513E-5;6.484732E-5;4.537641E-5;6.494947E-5;4.530907E-5;6.481103E-5;4.530321E-5;6.474107E-5;4.538627E-5
2.706486E1;6.485568E-5;4.533891E-5;6.485632E-5;4.533849E-5;6.493066E-5;4.529657E-5;6.482143E-5;4.526612E-5;6.475168E-5;4.535089E-5
2.713152E1;6.485426E-5;4.535078E-5;6.485422E-5;4.534784E-5;6.491240E-5;4.532784E-5;6.481877E-5;4.527670E-5;6.474747E-5;4.536390E-5
2.719819E1;6.489207E-5;4.527698E-5;6.489189E-5;4.527843E-5;6.494046E-5;4.526769E-5;6.485657E-5;4.520641E-5;6.478440E-5;4.528660E-5
2.726485E1;6.488471E-5;4.533735E-5;6.488367E-5;4.533898E-5;6.493165E-5;4.530344E-5;6.484799E-5;4.526641E-5;6.477543E-5;4.534757E-5
2.733151E1;6.484243E-5;4.532848E-5;6.484260E-5;4.532914E-5;6.488720E-5;4.531147E-5;6.480709E-5;4.525651E-5;6.473610E-5;4.534168E-5
2.739817E1;6.487179E-5;4.528607E-5;6.486680E-5;4.528190E-5;6.490134E-5;4.526988E-5;6.483137E-5;4.521087E-5;6.476786E-5;4.529886E-5
2.746484E1;6.485298E-5;4.541055E-5;6.485060E-5;4.540470E-5;6.488338E-5;4.536840E-5;6.481341E-5;4.533270E-5;6.475358E-5;4.542222E-5
2.753150E1;6.485992E-5;4.539033E-5;6.485678E-5;4.538794E-5;6.488939E-5;4.533622E-5;6.481343E-5;4.531505E-5;6.476079E-5;4.540538E-5
2.759816E1;6.483796E-5;4.540989E-5;6.483558E-5;4.540853E-5;6.486962E-5;4.534221E-5;6.479487E-5;4.529486E-5;6.473315E-5;4.542616E-5
2.766482E1;6.486169E-5;4.537002E-5;6.485923E-5;4.536720E-5;6.489945E-5;4.529489E-5;6.482394E-5;4.523548E-5;6.475712E-5;4.538531E-5
2.773148E1;6.490554E-5;4.535319E-5;6.490448E-5;4.535277E-5;6.494284E-5;4.531320E-5;6.486709E-5;4.524383E-5;6.480033E-5;4.536377E-5
2.779815E1;6.483054E-5;4.535159E-5;6.482948E-5;4.535114E-5;6.486809E-5;4.533153E-5;6.479512E-5;4.525358E-5;6.472290E-5;4.536410E-5
2.786481E1;6.482676E-5;4.531949E-5;6.482950E-5;4.531624E-5;6.486662E-5;4.531000E-5;6.479668E-5;4.522872E-5;6.471945E-5;4.533729E-5
2.793147E1;6.482763E-5;4.536186E-5;6.482944E-5;4.535908E-5;6.486820E-5;4.536076E-5;6.479566E-5;4.527505E-5;6.472059E-5;4.537686E-5
2.799813E1;6.487642E-5;4.533906E-5;6.487711E-5;4.533765E-5;6.491298E-5;4.534385E-5;6.484216E-5;4.525939E-5;6.477144E-5;4.535084E-5
2.806480E1;6.492957E-5;4.531985E-5;6.492832E-5;4.532054E-5;6.496831E-5;4.533750E-5;6.489293E-5;4.524449E-5;6.482398E-5;4.532645E-5
2.813146E1;6.491672E-5;4.531283E-5;6.491600E-5;4.531412E-5;6.499406E-5;4.533144E-5;6.488065E-5;4.524008E-5;6.481006E-5;4.532169E-5
2.819812E1;6.486702E-5;4.536550E-5;6.486680E-5;4.536634E-5;6.495985E-5;4.538549E-5;6.483228E-5;4.529194E-5;6.476121E-5;4.537633E-5
2.826478E1;6.490249E-5;4.529837E-5;6.490236E-5;4.529837E-5;6.501720E-5;4.531736E-5;6.486637E-5;4.522554E-5;6.479694E-5;4.530832E-5
2.833144E1;6.485315E-5;4.533330E-5;6.485374E-5;4.533300E-5;6.497220E-5;4.535276E-5;6.481836E-5;4.526014E-5;6.474945E-5;4.534733E-5
2.839811E1;6.486289E-5;4.532682E-5;6.486251E-5;4.532692E-5;6.499146E-5;4.534680E-5;6.482772E-5;4.525428E-5;6.475637E-5;4.533980E-5
2.846477E1;6.485379E-5;4.533617E-5;6.485310E-5;4.533592E-5;6.498729E-5;4.535441E-5;6.481817E-5;4.526310E-5;6.474643E-5;4.534778E-5
2.853143E1;6.484148E-5;4.534693E-5;6.484259E-5;4.534598E-5;6.497599E-5;4.536457E-5;6.480642E-5;4.527336E-5;6.473663E-5;4.535999E-5
2.859809E1;6.496032E-5;4.533223E-5;6.495949E-5;4.533085E-5;6.509778E-5;4.534880E-5;6.492457E-5;4.525906E-5;6.485410E-5;4.534326E-5
2.866476E1;6.492508E-5;4.531272E-5;6.492417E-5;4.531209E-5;6.506250E-5;4.532974E-5;6.488888E-5;4.524070E-5;6.482007E-5;4.532138E-5
2.873142E1;6.495884E-5;4.529801E-5;6.495680E-5;4.529591E-5;6.509654E-5;4.531098E-5;6.492112E-5;4.522447E-5;6.485429E-5;4.531077E-5
2.879808E1;6.493462E-5;4.533964E-5;6.493204E-5;4.532991E-5;6.507235E-5;4.534783E-5;6.489583E-5;4.525828E-5;6.482964E-5;4.535083E-5
2.886474E1;6.498392E-5;4.528708E-5;6.494639E-5;4.528863E-5;6.508585E-5;4.530573E-5;6.491030E-5;4.521615E-5;6.487708E-5;4.529959E-5
2.893140E1;6.487349E-5;4.532994E-5;6.485199E-5;4.533157E-5;6.499347E-5;4.535061E-5;6.481659E-5;4.526035E-5;6.476681E-5;4.534244E-5
2.899807E1;6.497228E-5;4.534322E-5;6.495838E-5;4.534460E-5;6.509947E-5;4.536420E-5;6.492409E-5;4.527268E-5;6.486584E-5;4.535363E-5
2.906473E1;6.496649E-5;4.539018E-5;6.495772E-5;4.539309E-5;6.509675E-5;4.541721E-5;6.492144E-5;4.532260E-5;6.486266E-5;4.540345E-5
2.913139E1;6.495795E-5;4.542414E-5;6.495175E-5;4.542613E-5;6.509241E-5;4.544839E-5;6.491594E-5;4.535389E-5;6.485198E-5;4.543596E-5
2.919805E1;6.491359E-5;4.544819E-5;6.490615E-5;4.545224E-5;6.504289E-5;4.547865E-5;6.487026E-5;4.537994E-5;6.481048E-5;4.545776E-5
2.926472E1;6.486399E-5;4.545595E-5;6.486122E-5;4.546014E-5;6.499878E-5;4.548615E-5;6.482389E-5;4.538723E-5;6.476967E-5;4.546579E-5
2.933138E1;6.498882E-5;4.538640E-5;6.499239E-5;4.538989E-5;6.513186E-5;4.541125E-5;6.495562E-5;4.531852E-5;6.489496E-5;4.539953E-5
2.939804E1;6.494823E-5;4.538635E-5;6.494923E-5;4.542467E-5;6.508843E-5;4.544131E-5;6.491336E-5;4.535183E-5;6.484888E-5;4.543762E-5
2.946470E1;6.498097E-5;4.532489E-5;6.497754E-5;4.538171E-5;6.511917E-5;4.539682E-5;6.494224E-5;4.530998E-5;6.487006E-5;4.539698E-5
2.953136E1;6.495731E-5;4.538861E-5;6.495377E-5;4.542825E-5;6.508924E-5;4.544418E-5;6.491639E-5;4.535468E-5;6.485943E-5;4.544297E-5
2.959803E1;6.499674E-5;4.538808E-5;6.499410E-5;4.541684E-5;6.513457E-5;4.543569E-5;6.495765E-5;4.534463E-5;6.489162E-5;4.542689E-5
2.966469E1;6.496800E-5;4.543521E-5;6.496794E-5;4.545179E-5;6.511040E-5;4.547139E-5;6.493418E-5;4.537989E-5;6.485811E-5;4.546384E-5
2.973135E1;6.493476E-5;4.546934E-5;6.493453E-5;4.548352E-5;6.507915E-5;4.550715E-5;6.490028E-5;4.541091E-5;6.482576E-5;4.547546E-5
2.979801E1;6.501409E-5;4.538188E-5;6.502336E-5;4.539441E-5;6.516720E-5;4.541825E-5;6.498944E-5;4.532262E-5;6.487130E-5;4.539717E-5
2.986468E1;6.500993E-5;4.535662E-5;6.501469E-5;4.539879E-5;6.515937E-5;4.541469E-5;6.498004E-5;4.532745E-5;6.487901E-5;4.537357E-5
2.993134E1;6.501780E-5;4.533342E-5;6.502192E-5;4.539648E-5;6.516451E-5;4.541411E-5;6.498609E-5;4.532570E-5;6.489607E-5;4.534420E-5
2.999800E1;6.494635E-5;4.537868E-5;6.495077E-5;4.545482E-5;6.509428E-5;4.547622E-5;6.491528E-5;4.538178E-5;6.482901E-5;4.539659E-5
3.006466E1;6.489193E-5;4.535604E-5;6.489697E-5;4.544408E-5;6.503810E-5;4.547128E-5;6.486111E-5;4.537236E-5;6.477941E-5;4.536998E-5
3.013132E1;6.503713E-5;4.533902E-5;6.503937E-5;4.543252E-5;6.518277E-5;4.545532E-5;6.500364E-5;4.536006E-5;6.492540E-5;4.534747E-5
3.019799E1;6.496743E-5;4.530508E-5;6.497022E-5;4.540053E-5;6.511296E-5;4.542008E-5;6.493457E-5;4.532897E-5;6.485669E-5;4.531701E-5
3.026465E1;6.498538E-5;4.535185E-5;6.498792E-5;4.545095E-5;6.513022E-5;4.547430E-5;6.495278E-5;4.537844E-5;6.487658E-5;4.536450E-5
3.033131E1;6.497059E-5;4.532296E-5;6.497237E-5;4.542602E-5;6.511065E-5;4.545261E-5;6.493699E-5;4.535160E-5;6.486456E-5;4.532951E-5
3.039797E1;6.491509E-5;4.539385E-5;6.490347E-5;4.549426E-5;6.504306E-5;4.552053E-5;6.487094E-5;4.542172E-5;6.481267E-5;4.540430E-5
3.046464E1;6.495879E-5;4.538757E-5;6.496177E-5;4.545457E-5;6.510116E-5;4.547843E-5;6.492848E-5;4.538304E-5;6.486449E-5;4.540119E-5
3.053130E1;6.501664E-5;4.529691E-5;6.500730E-5;4.537636E-5;6.514576E-5;4.539874E-5;6.497387E-5;4.530366E-5;6.491042E-5;4.533956E-5
3.059796E1;6.497277E-5;4.536897E-5;6.497578E-5;4.542412E-5;6.511277E-5;4.543933E-5;6.494001E-5;4.535268E-5;6.487552E-5;4.540685E-5
3.066462E1;6.490516E-5;4.541181E-5;6.489743E-5;4.547893E-5;6.503245E-5;4.549529E-5;6.486179E-5;4.540734E-5;6.480280E-5;4.547782E-5
3.073128E1;6.486231E-5;4.539548E-5;6.485685E-5;4.543965E-5;6.499314E-5;4.545320E-5;6.482242E-5;4.536916E-5;6.476120E-5;4.544688E-5
3.079795E1;6.490690E-5;4.537770E-5;6.490886E-5;4.540773E-5;6.504786E-5;4.542223E-5;6.487270E-5;4.533516E-5;6.480614E-5;4.541564E-5
3.086461E1;6.496583E-5;4.529944E-5;6.495898E-5;4.535254E-5;6.509826E-5;4.536996E-5;6.492461E-5;4.528132E-5;6.485733E-5;4.536166E-5
3.093127E1;6.488649E-5;4.535542E-5;6.488852E-5;4.539278E-5;6.502730E-5;4.540805E-5;6.485249E-5;4.531899E-5;6.479025E-5;4.540449E-5
3.099793E1;6.491435E-5;4.535301E-5;6.491798E-5;4.541580E-5;6.505656E-5;4.543448E-5;6.488077E-5;4.534309E-5;6.481931E-5;4.542636E-5
3.106460E1;6.490507E-5;4.532731E-5;6.491041E-5;4.540370E-5;6.504933E-5;4.542259E-5;6.487075E-5;4.532926E-5;6.482165E-5;4.540635E-5
3.113126E1;6.489846E-5;4.532025E-5;6.489777E-5;4.540602E-5;6.503943E-5;4.542299E-5;6.486378E-5;4.533384E-5;6.479343E-5;4.541813E-5
3.119792E1;6.482628E-5;4.539468E-5;6.482375E-5;4.548338E-5;6.496679E-5;4.550105E-5;6.478909E-5;4.541223E-5;6.471530E-5;4.550005E-5
3.126458E1;6.486706E-5;4.540601E-5;6.486089E-5;4.546974E-5;6.500461E-5;4.549643E-5;6.482652E-5;4.539791E-5;6.476240E-5;4.547205E-5
3.133124E1;6.485792E-5;4.538737E-5;6.486247E-5;4.542674E-5;6.500478E-5;4.544585E-5;6.482743E-5;4.535470E-5;6.475560E-5;4.543979E-5
3.139791E1;6.483249E-5;4.543515E-5;6.482864E-5;4.549064E-5;6.496909E-5;4.550900E-5;6.479327E-5;4.541897E-5;6.472129E-5;4.550397E-5
3.146457E1;6.488114E-5;4.537071E-5;6.488587E-5;4.541390E-5;6.502430E-5;4.543241E-5;6.484860E-5;4.534184E-5;6.478595E-5;4.542601E-5
3.153123E1;6.484150E-5;4.540436E-5;6.483534E-5;4.546329E-5;6.497702E-5;4.548151E-5;6.479889E-5;4.539126E-5;6.473288E-5;4.547562E-5
3.159789E1;6.486837E-5;4.541503E-5;6.486580E-5;4.545454E-5;6.500672E-5;4.547412E-5;6.482993E-5;4.538296E-5;6.476277E-5;4.546538E-5
3.166456E1;6.485913E-5;4.540742E-5;6.485546E-5;4.543348E-5;6.499431E-5;4.545098E-5;6.481810E-5;4.536160E-5;6.475604E-5;4.544599E-5
3.173122E1;6.485805E-5;4.541829E-5;6.485824E-5;4.543705E-5;6.499766E-5;4.545829E-5;6.482239E-5;4.536551E-5;6.475514E-5;4.544508E-5
3.179788E1;6.486529E-5;4.541721E-5;6.486407E-5;4.542893E-5;6.500458E-5;4.544790E-5;6.482802E-5;4.535719E-5;6.476114E-5;4.544204E-5
3.186454E1;6.491981E-5;4.541851E-5;6.492079E-5;4.542900E-5;6.506458E-5;4.545120E-5;6.488727E-5;4.535784E-5;6.480919E-5;4.543649E-5
3.193120E1;6.494791E-5;4.545854E-5;6.494850E-5;4.546505E-5;6.509400E-5;4.548699E-5;6.491504E-5;4.539312E-5;6.483716E-5;4.547525E-5
3.199787E1;6.491022E-5;4.544069E-5;6.491001E-5;4.544802E-5;6.505415E-5;4.547139E-5;6.487600E-5;4.537729E-5;6.480263E-5;4.545390E-5
3.206453E1;6.488011E-5;4.543339E-5;6.487914E-5;4.543574E-5;6.501809E-5;4.545495E-5;6.484243E-5;4.536375E-5;6.477918E-5;4.544814E-5
3.213119E1;6.488761E-5;4.541290E-5;6.488421E-5;4.541218E-5;6.502239E-5;4.542744E-5;6.484666E-5;4.533997E-5;6.478617E-5;4.542801E-5
3.219785E1;6.492443E-5;4.540680E-5;6.491986E-5;4.540510E-5;6.505926E-5;4.542163E-5;6.488199E-5;4.533376E-5;6.482397E-5;4.542029E-5
3.226452E1;6.484927E-5;4.542766E-5;6.484872E-5;4.542764E-5;6.498725E-5;4.544548E-5;6.481190E-5;4.535607E-5;6.474607E-5;4.544152E-5
3.233118E1;6.487229E-5;4.544206E-5;6.487233E-5;4.544252E-5;6.501338E-5;4.546250E-5;6.483733E-5;4.537117E-5;6.476619E-5;4.545179E-5
3.239784E1;6.483169E-5;4.546672E-5;6.483209E-5;4.546817E-5;6.497678E-5;4.548909E-5;6.479800E-5;4.539630E-5;6.472342E-5;4.547773E-5
3.246450E1;6.494502E-5;4.542976E-5;6.494738E-5;4.543248E-5;6.508998E-5;4.545492E-5;6.491343E-5;4.536059E-5;6.483959E-5;4.544290E-5
3.253116E1;6.488013E-5;4.547384E-5;6.488255E-5;4.547546E-5;6.502501E-5;4.549754E-5;6.484713E-5;4.540412E-5;6.477319E-5;4.548617E-5
3.259783E1;6.492388E-5;4.545492E-5;6.492591E-5;4.545756E-5;6.506862E-5;4.548135E-5;6.489171E-5;4.538682E-5;6.481894E-5;4.546375E-5
3.266449E1;6.485009E-5;4.547471E-5;6.485259E-5;4.547952E-5;6.499717E-5;4.550452E-5;6.481865E-5;4.540851E-5;6.474207E-5;4.548543E-5
3.273115E1;6.487128E-5;4.542429E-5;6.487351E-5;4.542877E-5;6.501520E-5;4.545361E-5;6.483896E-5;4.535922E-5;6.476092E-5;4.543200E-5
3.279781E1;6.485653E-5;4.541613E-5;6.485470E-5;4.541580E-5;6.499475E-5;4.543268E-5;6.481944E-5;4.534402E-5;6.475146E-5;4.543027E-5
3.286448E1;6.497503E-5;4.541025E-5;6.497315E-5;4.541165E-5;6.511455E-5;4.542957E-5;6.493744E-5;4.533929E-5;6.487113E-5;4.542489E-5
3.293114E1;6.492777E-5;4.544792E-5;6.492826E-5;4.544986E-5;6.506992E-5;4.547093E-5;6.489299E-5;4.537837E-5;6.482221E-5;4.545680E-5
3.299780E1;6.493277E-5;4.544933E-5;6.493608E-5;4.545298E-5;6.508061E-5;4.547590E-5;6.490211E-5;4.538074E-5;6.482451E-5;4.544948E-5
3.306446E1;6.495007E-5;4.543554E-5;6.495329E-5;4.543998E-5;6.509766E-5;4.546269E-5;6.491757E-5;4.536746E-5;6.480531E-5;4.543624E-5
3.313112E1;6.490925E-5;4.544783E-5;6.491104E-5;4.545327E-5;6.505362E-5;4.548031E-5;6.487550E-5;4.538055E-5;6.474464E-5;4.545781E-5
3.319779E1;6.491283E-5;4.541678E-5;6.491196E-5;4.542042E-5;6.505313E-5;4.544269E-5;6.487615E-5;4.534906E-5;6.477061E-5;4.542659E-5
3.326445E1;6.485006E-5;4.548134E-5;6.484533E-5;4.548792E-5;6.498292E-5;4.551423E-5;6.481279E-5;4.541377E-5;6.472635E-5;4.549300E-5
3.333111E1;6.492969E-5;4.541783E-5;6.493051E-5;4.541872E-5;6.506783E-5;4.544071E-5;6.489573E-5;4.534793E-5;6.481058E-5;4.542879E-5
3.339777E1;6.483123E-5;4.549566E-5;6.482814E-5;4.549921E-5;6.497993E-5;4.552513E-5;6.479468E-5;4.542716E-5;6.471955E-5;4.550702E-5
3.346444E1;6.489462E-5;4.543078E-5;6.489206E-5;4.543286E-5;6.502818E-5;4.548586E-5;6.485742E-5;4.536043E-5;6.478583E-5;4.544223E-5
3.353110E1;6.486368E-5;4.545295E-5;6.486260E-5;4.545211E-5;6.500004E-5;4.549162E-5;6.482770E-5;4.538025E-5;6.475605E-5;4.546422E-5
3.359776E1;6.489206E-5;4.542314E-5;6.489121E-5;4.542268E-5;6.502959E-5;4.545400E-5;6.485578E-5;4.535112E-5;6.478433E-5;4.543573E-5
3.366442E1;6.494093E-5;4.537373E-5;6.494038E-5;4.537299E-5;6.508309E-5;4.540060E-5;6.490571E-5;4.530116E-5;6.483264E-5;4.538291E-5
3.373108E1;6.490058E-5;4.541867E-5;6.490304E-5;4.541731E-5;6.504458E-5;4.543960E-5;6.486718E-5;4.534642E-5;6.479387E-5;4.543227E-5
3.379775E1;6.489595E-5;4.542968E-5;6.489569E-5;4.543078E-5;6.503724E-5;4.545556E-5;6.486032E-5;4.535912E-5;6.479107E-5;4.544194E-5
3.386441E1;6.482117E-5;4.544419E-5;6.482452E-5;4.544481E-5;6.496767E-5;4.547019E-5;6.478905E-5;4.537381E-5;6.471691E-5;4.545770E-5
3.393107E1;6.488705E-5;4.544520E-5;6.488773E-5;4.544688E-5;6.502926E-5;4.547212E-5;6.485215E-5;4.537498E-5;6.477975E-5;4.545641E-5
3.399773E1;6.490819E-5;4.541435E-5;6.490809E-5;4.541572E-5;6.505127E-5;4.543895E-5;6.487362E-5;4.534411E-5;6.480244E-5;4.542314E-5
3.406440E1;6.487679E-5;4.547911E-5;6.487389E-5;4.548178E-5;6.500643E-5;4.550897E-5;6.483966E-5;4.540892E-5;6.477137E-5;4.548922E-5
3.413106E1;6.486683E-5;4.546888E-5;6.485892E-5;4.547123E-5;6.498541E-5;4.549876E-5;6.482819E-5;4.539883E-5;6.476103E-5;4.547727E-5
3.419772E1;6.486447E-5;4.542513E-5;6.485913E-5;4.542562E-5;6.499479E-5;4.544554E-5;6.482646E-5;4.535352E-5;6.475924E-5;4.543928E-5
3.426438E1;6.485989E-5;4.544626E-5;6.485519E-5;4.544648E-5;6.498905E-5;4.546694E-5;6.482227E-5;4.537490E-5;6.475610E-5;4.545952E-5
3.433104E1;6.483147E-5;4.548316E-5;6.482901E-5;4.548160E-5;6.496331E-5;4.549973E-5;6.479584E-5;4.541154E-5;6.472762E-5;4.549970E-5
3.439771E1;6.485451E-5;4.545809E-5;6.485274E-5;4.546132E-5;6.499140E-5;4.548564E-5;6.481855E-5;4.538838E-5;6.474769E-5;4.547008E-5
3.446437E1;6.491575E-5;4.543448E-5;6.491403E-5;4.543878E-5;6.505338E-5;4.546742E-5;6.487962E-5;4.536634E-5;6.480865E-5;4.544486E-5
3.453103E1;6.489743E-5;4.538854E-5;6.489583E-5;4.539048E-5;6.503786E-5;4.541498E-5;6.486158E-5;4.531798E-5;6.479003E-5;4.540036E-5
3.459769E1;6.493578E-5;4.540719E-5;6.493480E-5;4.540577E-5;6.507757E-5;4.541894E-5;6.489868E-5;4.533461E-5;6.482877E-5;4.542155E-5
3.466436E1;6.492109E-5;4.537730E-5;6.491484E-5;4.537272E-5;6.505493E-5;4.538276E-5;6.488163E-5;4.530393E-5;6.481497E-5;4.538679E-5
3.473102E1;6.487698E-5;4.541025E-5;6.487174E-5;4.540728E-5;6.501144E-5;4.542113E-5;6.483811E-5;4.533793E-5;6.477080E-5;4.542502E-5
3.479768E1;6.487289E-5;4.544055E-5;6.487128E-5;4.544425E-5;6.501211E-5;4.547041E-5;6.483712E-5;4.537137E-5;6.476491E-5;4.545128E-5
3.486434E1;6.485162E-5;4.545007E-5;6.485035E-5;4.544723E-5;6.498933E-5;4.546169E-5;6.481621E-5;4.537666E-5;6.474662E-5;4.546279E-5
3.493100E1;6.487857E-5;4.541737E-5;6.487505E-5;4.541714E-5;6.501309E-5;4.543420E-5;6.484150E-5;4.534664E-5;6.477339E-5;4.542813E-5
3.499767E1;6.481415E-5;4.543873E-5;6.481270E-5;4.543828E-5;6.494964E-5;4.545690E-5;6.477788E-5;4.536649E-5;6.471124E-5;4.546323E-5
3.506433E1;6.488285E-5;4.540336E-5;6.487570E-5;4.539761E-5;6.500888E-5;4.540164E-5;6.484320E-5;4.533066E-5;6.481071E-5;4.541141E-5
3.513099E1;6.484319E-5;4.544523E-5;6.484116E-5;4.544474E-5;6.498507E-5;4.542886E-5;6.480635E-5;4.537390E-5;6.475955E-5;4.545507E-5
3.519765E1;6.487886E-5;4.543568E-5;6.487719E-5;4.543933E-5;6.502040E-5;4.544490E-5;6.484248E-5;4.536609E-5;6.478660E-5;4.544655E-5
3.526432E1;6.486500E-5;4.545519E-5;6.486586E-5;4.545260E-5;6.501089E-5;4.545504E-5;6.483033E-5;4.538201E-5;6.476749E-5;4.546625E-5
3.533098E1;6.494173E-5;4.540586E-5;6.494219E-5;4.540128E-5;6.509404E-5;4.539552E-5;6.490506E-5;4.533117E-5;6.484058E-5;4.541737E-5
3.539764E1;6.497264E-5;4.539058E-5;6.496994E-5;4.539179E-5;6.511311E-5;4.536346E-5;6.493577E-5;4.532083E-5;6.487004E-5;4.540270E-5
3.546430E1;6.482658E-5;4.547420E-5;6.482629E-5;4.547533E-5;6.496382E-5;4.543660E-5;6.479220E-5;4.540343E-5;6.472553E-5;4.548704E-5
3.553096E1;6.490205E-5;4.542589E-5;6.489973E-5;4.542662E-5;6.503232E-5;4.540439E-5;6.486437E-5;4.535550E-5;6.479726E-5;4.543431E-5
3.559763E1;6.492233E-5;4.542427E-5;6.491862E-5;4.542450E-5;6.506080E-5;4.537491E-5;6.488268E-5;4.535300E-5;6.481485E-5;4.543471E-5
3.566429E1;6.491959E-5;4.541763E-5;6.491627E-5;4.541776E-5;6.505195E-5;4.535837E-5;6.488181E-5;4.534751E-5;6.481489E-5;4.543004E-5
3.573095E1;6.487023E-5;4.542778E-5;6.486761E-5;4.542736E-5;6.500070E-5;4.536072E-5;6.483164E-5;4.535759E-5;6.476171E-5;4.544106E-5
3.579761E1;6.492560E-5;4.542474E-5;6.492341E-5;4.542388E-5;6.505835E-5;4.534947E-5;6.488931E-5;4.535273E-5;6.482057E-5;4.544093E-5
3.586428E1;6.488128E-5;4.545034E-5;6.487969E-5;4.544967E-5;6.501738E-5;4.537088E-5;6.484483E-5;4.537805E-5;6.477567E-5;4.546521E-5
3.593094E1;6.484213E-5;4.546015E-5;6.484374E-5;4.546132E-5;6.497828E-5;4.538367E-5;6.480885E-5;4.538888E-5;6.473855E-5;4.547512E-5
3.599760E1;6.489625E-5;4.539493E-5;6.489316E-5;4.539651E-5;6.503179E-5;4.531639E-5;6.485871E-5;4.532470E-5;6.478833E-5;4.540903E-5
3.606426E1;6.495947E-5;4.544485E-5;6.495774E-5;4.544510E-5;6.509742E-5;4.536016E-5;6.492286E-5;4.537197E-5;6.485367E-5;4.545813E-5
3.613092E1;6.490022E-5;4.545280E-5;6.489935E-5;4.545300E-5;6.504086E-5;4.536833E-5;6.486429E-5;4.538064E-5;6.479228E-5;4.546565E-5
3.619759E1;6.485196E-5;4.546120E-5;6.485344E-5;4.546129E-5;6.499115E-5;4.537730E-5;6.481872E-5;4.538878E-5;6.474728E-5;4.547538E-5
3.626425E1;6.488390E-5;4.542479E-5;6.488300E-5;4.542544E-5;6.502398E-5;4.534048E-5;6.484831E-5;4.535312E-5;6.477603E-5;4.543780E-5
3.633091E1;6.488306E-5;4.545922E-5;6.488249E-5;4.545947E-5;6.502357E-5;4.537470E-5;6.484792E-5;4.538809E-5;6.477551E-5;4.547304E-5
3.639757E1;6.490107E-5;4.541745E-5;6.490083E-5;4.541830E-5;6.503721E-5;4.533780E-5;6.486774E-5;4.534613E-5;6.479660E-5;4.542878E-5
3.646424E1;6.487475E-5;4.543401E-5;6.487418E-5;4.543490E-5;6.501502E-5;4.534840E-5;6.483990E-5;4.536360E-5;6.476843E-5;4.544608E-5
3.653090E1;6.491590E-5;4.539912E-5;6.491532E-5;4.539966E-5;6.505533E-5;4.531365E-5;6.488100E-5;4.532784E-5;6.481096E-5;4.540946E-5
3.659756E1;6.494320E-5;4.537764E-5;6.494289E-5;4.537735E-5;6.509128E-5;4.530127E-5;6.490913E-5;4.530527E-5;6.484037E-5;4.538776E-5
3.666422E1;6.489930E-5;4.537846E-5;6.489177E-5;4.537973E-5;6.502812E-5;4.534446E-5;6.485957E-5;4.530821E-5;6.479435E-5;4.538971E-5
3.673088E1;6.488744E-5;4.536228E-5;6.488225E-5;4.536406E-5;6.501967E-5;4.534577E-5;6.484839E-5;4.529143E-5;6.478439E-5;4.537779E-5
3.679755E1;6.485327E-5;4.535265E-5;6.484983E-5;4.535459E-5;6.498768E-5;4.535146E-5;6.481678E-5;4.528176E-5;6.474897E-5;4.536789E-5
3.686421E1;6.486186E-5;4.538256E-5;6.485917E-5;4.538552E-5;6.500085E-5;4.539254E-5;6.482500E-5;4.531400E-5;6.475492E-5;4.539322E-5
3.693087E1;6.498431E-5;4.529257E-5;6.498007E-5;4.529905E-5;6.511779E-5;4.532014E-5;6.494826E-5;4.522517E-5;6.488011E-5;4.530162E-5
3.699753E1;6.494066E-5;4.532189E-5;6.493669E-5;4.532680E-5;6.507490E-5;4.534924E-5;6.490461E-5;4.525260E-5;6.483552E-5;4.533328E-5
3.706420E1;6.488286E-5;4.538274E-5;6.488273E-5;4.538191E-5;6.502426E-5;4.539646E-5;6.484765E-5;4.531115E-5;6.479126E-5;4.540104E-5
3.713086E1;6.491805E-5;4.533653E-5;6.491505E-5;4.533535E-5;6.505229E-5;4.535289E-5;6.488209E-5;4.526343E-5;6.480856E-5;4.538628E-5
3.719752E1;6.487471E-5;4.536075E-5;6.487124E-5;4.536674E-5;6.500931E-5;4.539596E-5;6.483791E-5;4.529331E-5;6.476260E-5;4.539805E-5
3.726418E1;6.481254E-5;4.536806E-5;6.482937E-5;4.539089E-5;6.496573E-5;4.542369E-5;6.477540E-5;4.529912E-5;6.472381E-5;4.541231E-5
3.733084E1;6.476186E-5;4.537711E-5;6.480895E-5;4.541221E-5;6.494713E-5;4.543420E-5;6.472479E-5;4.530793E-5;6.470548E-5;4.543496E-5
3.739751E1;6.480181E-5;4.537224E-5;6.483587E-5;4.544390E-5;6.497476E-5;4.546744E-5;6.476797E-5;4.530142E-5;6.473093E-5;4.546230E-5
3.746417E1;6.483591E-5;4.535004E-5;6.488963E-5;4.541407E-5;6.503053E-5;4.542573E-5;6.479762E-5;4.527613E-5;6.478530E-5;4.543178E-5
3.753083E1;6.486398E-5;4.529064E-5;6.488155E-5;4.536007E-5;6.501894E-5;4.537018E-5;6.482621E-5;4.521708E-5;6.477831E-5;4.538559E-5
3.759749E1;6.484807E-5;4.532635E-5;6.486394E-5;4.537575E-5;6.500488E-5;4.539369E-5;6.481289E-5;4.525444E-5;6.475738E-5;4.539294E-5
3.766416E1;6.485373E-5;4.534482E-5;6.486354E-5;4.538303E-5;6.502154E-5;4.541037E-5;6.481903E-5;4.527628E-5;6.475671E-5;4.539377E-5
3.773082E1;6.486093E-5;4.530383E-5;6.486669E-5;4.532534E-5;6.500452E-5;4.538070E-5;6.482576E-5;4.523205E-5;6.476091E-5;4.533745E-5
3.779748E1;6.489509E-5;4.529471E-5;6.489869E-5;4.530810E-5;6.503713E-5;4.535181E-5;6.485960E-5;4.522218E-5;6.479310E-5;4.532014E-5
3.786414E1;6.485096E-5;4.535223E-5;6.485190E-5;4.536645E-5;6.500936E-5;4.541816E-5;6.481362E-5;4.528233E-5;6.474479E-5;4.537685E-5
3.793080E1;6.474461E-5;4.536770E-5;6.485442E-5;4.535332E-5;6.499594E-5;4.545337E-5;6.481172E-5;4.528747E-5;6.474374E-5;4.537682E-5
3.799747E1;6.479625E-5;4.532676E-5;6.490440E-5;4.530910E-5;6.503803E-5;4.543123E-5;6.486045E-5;4.524404E-5;6.479141E-5;4.532801E-5
3.806413E1;6.477763E-5;4.532675E-5;6.488510E-5;4.531251E-5;6.501938E-5;4.543995E-5;6.484431E-5;4.524396E-5;6.477285E-5;4.532722E-5
3.813079E1;6.474000E-5;4.539148E-5;6.484715E-5;4.538314E-5;6.497436E-5;4.551750E-5;6.480959E-5;4.531027E-5;6.473594E-5;4.539448E-5
3.819745E1;6.466587E-5;4.539525E-5;6.477556E-5;4.538418E-5;6.490510E-5;4.550680E-5;6.473747E-5;4.531248E-5;6.468108E-5;4.540015E-5
3.826412E1;6.475480E-5;4.533724E-5;6.485985E-5;4.532601E-5;6.499529E-5;4.545642E-5;6.482422E-5;4.525408E-5;6.474844E-5;4.537256E-5
3.833078E1;6.476917E-5;4.538460E-5;6.487328E-5;4.537609E-5;6.501090E-5;4.550726E-5;6.483968E-5;4.530419E-5;6.478357E-5;4.541062E-5
3.839744E1;6.472146E-5;4.537025E-5;6.482586E-5;4.536158E-5;6.496132E-5;4.549294E-5;6.479189E-5;4.528785E-5;6.472982E-5;4.542332E-5
3.846410E1;6.482867E-5;4.538994E-5;6.482765E-5;4.539561E-5;6.494418E-5;4.550970E-5;6.479497E-5;4.532090E-5;6.471407E-5;4.547472E-5
3.853076E1;6.490997E-5;4.534200E-5;6.490811E-5;4.534307E-5;6.502121E-5;4.544338E-5;6.487551E-5;4.527082E-5;6.479719E-5;4.539814E-5
3.859743E1;6.491614E-5;4.533355E-5;6.491154E-5;4.533575E-5;6.503424E-5;4.545134E-5;6.487937E-5;4.526081E-5;6.480283E-5;4.537021E-5
3.866409E1;6.486018E-5;4.535438E-5;6.485824E-5;4.535298E-5;6.498617E-5;4.546269E-5;6.482438E-5;4.528062E-5;6.475014E-5;4.538524E-5
3.873075E1;6.490446E-5;4.533479E-5;6.490053E-5;4.533230E-5;6.503401E-5;4.544251E-5;6.486701E-5;4.526204E-5;6.479367E-5;4.535550E-5
3.879741E1;6.491217E-5;4.531421E-5;6.491108E-5;4.531427E-5;6.504410E-5;4.544435E-5;6.487886E-5;4.524146E-5;6.480564E-5;4.533071E-5
3.886408E1;6.487015E-5;4.534766E-5;6.486795E-5;4.534587E-5;6.500473E-5;4.546271E-5;6.483397E-5;4.527457E-5;6.476048E-5;4.536590E-5
3.893074E1;6.487164E-5;4.535074E-5;6.487003E-5;4.534891E-5;6.500969E-5;4.546968E-5;6.483619E-5;4.527823E-5;6.476332E-5;4.536839E-5
3.899740E1;6.489028E-5;4.532431E-5;6.488986E-5;4.532455E-5;6.503064E-5;4.544914E-5;6.485594E-5;4.525329E-5;6.478468E-5;4.533900E-5
3.906406E1;6.489486E-5;4.533207E-5;6.489752E-5;4.533043E-5;6.505153E-5;4.544984E-5;6.486129E-5;4.526119E-5;6.478949E-5;4.534650E-5
3.913072E1;6.489084E-5;4.531333E-5;6.488942E-5;4.531120E-5;6.502693E-5;4.542798E-5;6.485666E-5;4.524176E-5;6.478603E-5;4.532572E-5
3.919739E1;6.495146E-5;4.531182E-5;6.494886E-5;4.531080E-5;6.508635E-5;4.543272E-5;6.491592E-5;4.523998E-5;6.484628E-5;4.532747E-5
3.926405E1;6.497291E-5;4.527157E-5;6.495465E-5;4.526736E-5;6.508965E-5;4.538193E-5;6.492217E-5;4.519656E-5;6.485091E-5;4.527655E-5
3.933071E1;6.488599E-5;4.533217E-5;6.488469E-5;4.529844E-5;6.502240E-5;4.540653E-5;6.484984E-5;4.522919E-5;6.477877E-5;4.531755E-5
3.939737E1;6.484204E-5;4.535997E-5;6.483554E-5;4.533525E-5;6.497590E-5;4.543908E-5;6.480174E-5;4.526839E-5;6.473243E-5;4.536202E-5
3.946404E1;6.490258E-5;4.532859E-5;6.489402E-5;4.531193E-5;6.503234E-5;4.542131E-5;6.486297E-5;4.524372E-5;6.479832E-5;4.532754E-5
3.953070E1;6.498037E-5;4.526255E-5;6.497496E-5;4.524804E-5;6.511320E-5;4.536138E-5;6.494168E-5;4.517975E-5;6.487439E-5;4.526045E-5
3.959736E1;6.483723E-5;4.533449E-5;6.483281E-5;4.532598E-5;6.497023E-5;4.544756E-5;6.479975E-5;4.525683E-5;6.473249E-5;4.534549E-5
3.966402E1;6.487470E-5;4.535691E-5;6.487571E-5;4.535176E-5;6.502057E-5;4.547332E-5;6.484168E-5;4.528136E-5;6.476880E-5;4.536906E-5
3.973068E1;6.487873E-5;4.531304E-5;6.487634E-5;4.531445E-5;6.501391E-5;4.544882E-5;6.484281E-5;4.524090E-5;6.477115E-5;4.532494E-5
3.979735E1;6.490991E-5;4.528677E-5;6.490487E-5;4.529031E-5;6.503940E-5;4.542743E-5;6.487089E-5;4.521535E-5;6.480066E-5;4.529623E-5
3.986401E1;6.487699E-5;4.533207E-5;6.487425E-5;4.532815E-5;6.501605E-5;4.544594E-5;6.483987E-5;4.525802E-5;6.477249E-5;4.534154E-5
3.993067E1;6.480634E-5;4.537096E-5;6.480206E-5;4.536196E-5;6.494039E-5;4.547060E-5;6.476948E-5;4.529412E-5;6.470264E-5;4.538105E-5
3.999733E1;6.489948E-5;4.528054E-5;6.489509E-5;4.527593E-5;6.502468E-5;4.538420E-5;6.486380E-5;4.520666E-5;6.479500E-5;4.529247E-5
4.006400E1;6.489439E-5;4.532541E-5;6.489048E-5;4.532168E-5;6.502646E-5;4.539373E-5;6.485846E-5;4.525191E-5;6.479068E-5;4.533451E-5
4.013066E1;6.484400E-5;4.533469E-5;6.484107E-5;4.533433E-5;6.497392E-5;4.539541E-5;6.480693E-5;4.526427E-5;6.473803E-5;4.534886E-5
4.019732E1;6.481072E-5;4.536452E-5;6.480789E-5;4.536201E-5;6.494340E-5;4.540254E-5;6.477590E-5;4.529069E-5;6.470567E-5;4.537960E-5
4.026398E1;6.484317E-5;4.533455E-5;6.483968E-5;4.532877E-5;6.497699E-5;4.535237E-5;6.480678E-5;4.525908E-5;6.473877E-5;4.534417E-5
4.033064E1;6.494160E-5;4.526598E-5;6.493712E-5;4.525978E-5;6.507661E-5;4.527511E-5;6.490162E-5;4.519097E-5;6.485385E-5;4.528448E-5
4.039731E1;6.489785E-5;4.526553E-5;6.490224E-5;4.526397E-5;6.504664E-5;4.528530E-5;6.486566E-5;4.519295E-5;6.480173E-5;4.531470E-5
4.046397E1;6.490238E-5;4.528805E-5;6.490310E-5;4.528988E-5;6.504031E-5;4.532340E-5;6.486887E-5;4.521766E-5;6.478916E-5;4.535404E-5
4.053063E1;6.489947E-5;4.531688E-5;6.489827E-5;4.531710E-5;6.503761E-5;4.534173E-5;6.486514E-5;4.524546E-5;6.478690E-5;4.536591E-5
4.059729E1;6.482910E-5;4.532544E-5;6.482764E-5;4.532415E-5;6.496619E-5;4.534249E-5;6.479424E-5;4.525466E-5;6.472002E-5;4.536618E-5
4.066396E1;6.486707E-5;4.533248E-5;6.486086E-5;4.532661E-5;6.499675E-5;4.533300E-5;6.482767E-5;4.525759E-5;6.475893E-5;4.536543E-5
4.073062E1;6.489225E-5;4.526878E-5;6.488937E-5;4.526337E-5;6.502882E-5;4.527288E-5;6.485422E-5;4.519427E-5;6.479640E-5;4.529263E-5
4.079728E1;6.488011E-5;4.529740E-5;6.486967E-5;4.528060E-5;6.500385E-5;4.529286E-5;6.483771E-5;4.521192E-5;6.476891E-5;4.534127E-5
4.086394E1;6.482188E-5;4.525883E-5;6.481751E-5;4.525531E-5;6.495616E-5;4.527024E-5;6.478206E-5;4.518743E-5;6.473115E-5;4.530089E-5
4.093060E1;6.482246E-5;4.531871E-5;6.483898E-5;4.532299E-5;6.497788E-5;4.534244E-5;6.480593E-5;4.525348E-5;6.473318E-5;4.539215E-5
4.099727E1;6.483489E-5;4.531212E-5;6.483375E-5;4.531790E-5;6.497100E-5;4.534578E-5;6.480083E-5;4.524384E-5;6.472520E-5;4.535982E-5
4.106393E1;6.477437E-5;4.534036E-5;6.477482E-5;4.534594E-5;6.491106E-5;4.537414E-5;6.474051E-5;4.527096E-5;6.466624E-5;4.537397E-5
4.113059E1;6.487917E-5;4.529629E-5;6.487850E-5;4.530268E-5;6.501644E-5;4.533715E-5;6.484481E-5;4.522938E-5;6.477233E-5;4.532422E-5
4.119725E1;6.482880E-5;4.540540E-5;6.482474E-5;4.541468E-5;6.495872E-5;4.545324E-5;6.479308E-5;4.534288E-5;6.472323E-5;4.543280E-5
4.126392E1;6.485644E-5;4.544126E-5;6.485453E-5;4.544596E-5;6.499155E-5;4.547829E-5;6.482090E-5;4.537255E-5;6.474901E-5;4.546440E-5
4.133058E1;6.488976E-5;4.539837E-5;6.488729E-5;4.539901E-5;6.502880E-5;4.541615E-5;6.485345E-5;4.532727E-5;6.478266E-5;4.541543E-5
4.139724E1;6.485442E-5;4.541601E-5;6.485103E-5;4.542139E-5;6.498948E-5;4.545367E-5;6.481691E-5;4.534883E-5;6.474679E-5;4.543289E-5
4.146390E1;6.488852E-5;4.544700E-5;6.488600E-5;4.545328E-5;6.502061E-5;4.548787E-5;6.485033E-5;4.537788E-5;6.478110E-5;4.545977E-5
4.153056E1;6.486929E-5;4.545103E-5;6.487032E-5;4.545215E-5;6.500852E-5;4.547608E-5;6.483497E-5;4.537897E-5;6.476380E-5;4.546421E-5
4.159723E1;6.491731E-5;4.536271E-5;6.491372E-5;4.536517E-5;6.505025E-5;4.539507E-5;6.487835E-5;4.529154E-5;6.480827E-5;4.537089E-5
4.166389E1;6.489644E-5;4.541645E-5;6.489545E-5;4.541778E-5;6.503480E-5;4.543709E-5;6.486131E-5;4.534557E-5;6.479010E-5;4.542939E-5
4.173055E1;6.485562E-5;4.538750E-5;6.484379E-5;4.538565E-5;6.498486E-5;4.539716E-5;6.480857E-5;4.531677E-5;6.474937E-5;4.539951E-5
4.179721E1;6.487414E-5;4.542345E-5;6.487350E-5;4.538887E-5;6.500484E-5;4.540390E-5;6.484023E-5;4.531940E-5;6.476778E-5;4.543922E-5
4.186388E1;6.491128E-5;4.540540E-5;6.489846E-5;4.538084E-5;6.504294E-5;4.536049E-5;6.486311E-5;4.530968E-5;6.480615E-5;4.541532E-5
4.193054E1;6.490612E-5;4.537836E-5;6.490944E-5;4.532323E-5;6.505256E-5;4.530711E-5;6.487564E-5;4.525279E-5;6.479922E-5;4.538839E-5
4.199720E1;6.489093E-5;4.541693E-5;6.487872E-5;4.538229E-5;6.502216E-5;4.538146E-5;6.484421E-5;4.531096E-5;6.478551E-5;4.542853E-5
4.206386E1;6.488827E-5;4.544296E-5;6.487598E-5;4.538664E-5;6.501684E-5;4.539973E-5;6.484075E-5;4.531551E-5;6.478060E-5;4.545372E-5
4.213052E1;6.486904E-5;4.543236E-5;6.486132E-5;4.535980E-5;6.499959E-5;4.538287E-5;6.482646E-5;4.528766E-5;6.476038E-5;4.544816E-5
4.219719E1;6.489593E-5;4.537916E-5;6.490656E-5;4.530145E-5;6.504149E-5;4.533068E-5;6.487214E-5;4.522707E-5;6.478430E-5;4.538940E-5
4.226385E1;6.490321E-5;4.539449E-5;6.489045E-5;4.533611E-5;6.503008E-5;4.535006E-5;6.485601E-5;4.526463E-5;6.479946E-5;4.540865E-5
4.233051E1;6.492926E-5;4.534584E-5;6.493655E-5;4.528882E-5;6.507702E-5;4.530868E-5;6.490313E-5;4.521736E-5;6.482176E-5;4.535286E-5
4.239717E1;6.483397E-5;4.540853E-5;6.485226E-5;4.534696E-5;6.499367E-5;4.534954E-5;6.481922E-5;4.527720E-5;6.472844E-5;4.542287E-5
4.246384E1;6.483902E-5;4.542673E-5;6.485183E-5;4.534766E-5;6.499271E-5;4.536145E-5;6.481622E-5;4.527511E-5;6.473094E-5;4.543909E-5
4.253050E1;6.493038E-5;4.538843E-5;6.493377E-5;4.530900E-5;6.507401E-5;4.530703E-5;6.490238E-5;4.523919E-5;6.480741E-5;4.539859E-5
4.259716E1;6.487756E-5;4.542673E-5;6.491703E-5;4.532481E-5;6.506072E-5;4.533365E-5;6.488184E-5;4.525054E-5;6.477472E-5;4.539945E-5
4.266382E1;6.488894E-5;4.530229E-5;6.489942E-5;4.531734E-5;6.503728E-5;4.533138E-5;6.486575E-5;4.524788E-5;6.477665E-5;4.540591E-5
4.273048E1;6.484675E-5;4.541065E-5;6.485922E-5;4.534376E-5;6.500326E-5;4.535230E-5;6.482394E-5;4.527545E-5;6.474226E-5;4.544472E-5
4.279715E1;6.479038E-5;4.541105E-5;6.479811E-5;4.532982E-5;6.493686E-5;4.533789E-5;6.476300E-5;4.526079E-5;6.468832E-5;4.543540E-5
4.286381E1;6.485234E-5;4.543434E-5;6.485619E-5;4.534253E-5;6.499781E-5;4.535233E-5;6.482091E-5;4.527450E-5;6.474770E-5;4.545660E-5
4.293047E1;6.488063E-5;4.540389E-5;6.488116E-5;4.531125E-5;6.502295E-5;4.532365E-5;6.484649E-5;4.524048E-5;6.477331E-5;4.542215E-5
4.299713E1;6.486683E-5;4.541331E-5;6.486346E-5;4.531869E-5;6.499880E-5;4.533943E-5;6.482978E-5;4.524799E-5;6.476223E-5;4.543069E-5
4.306380E1;6.487237E-5;4.538464E-5;6.488399E-5;4.529387E-5;6.502004E-5;4.532264E-5;6.485215E-5;4.522190E-5;6.477958E-5;4.540078E-5
4.313046E1;6.487655E-5;4.543731E-5;6.487221E-5;4.536625E-5;6.501099E-5;4.537787E-5;6.483744E-5;4.529684E-5;6.476779E-5;4.548615E-5
4.319712E1;6.486824E-5;4.538944E-5;6.486162E-5;4.531332E-5;6.499960E-5;4.533505E-5;6.482849E-5;4.524223E-5;6.475955E-5;4.542656E-5
4.326378E1;6.496930E-5;4.539932E-5;6.496207E-5;4.531536E-5;6.509898E-5;4.534047E-5;6.492974E-5;4.524391E-5;6.486078E-5;4.542942E-5
4.333044E1;6.486250E-5;4.548674E-5;6.486634E-5;4.539172E-5;6.499680E-5;4.540489E-5;6.483297E-5;4.532127E-5;6.475509E-5;4.550969E-5
4.339711E1;6.488025E-5;4.545541E-5;6.488113E-5;4.538995E-5;6.501131E-5;4.536149E-5;6.484666E-5;4.532182E-5;6.477219E-5;4.547422E-5
4.346377E1;6.488910E-5;4.544717E-5;6.489118E-5;4.541219E-5;6.502401E-5;4.538164E-5;6.485833E-5;4.533940E-5;6.478242E-5;4.546330E-5
4.353043E1;6.486554E-5;4.545273E-5;6.486799E-5;4.543173E-5;6.500048E-5;4.538511E-5;6.483462E-5;4.535896E-5;6.476021E-5;4.546728E-5
4.359709E1;6.486410E-5;4.545476E-5;6.486391E-5;4.543912E-5;6.500029E-5;4.537388E-5;6.483023E-5;4.536734E-5;6.475729E-5;4.546869E-5
4.366376E1;6.479631E-5;4.547367E-5;6.479723E-5;4.546385E-5;6.493143E-5;4.539548E-5;6.476354E-5;4.539018E-5;6.469101E-5;4.548651E-5
4.373042E1;6.485642E-5;4.544100E-5;6.485522E-5;4.543465E-5;6.499220E-5;4.535948E-5;6.482100E-5;4.536154E-5;6.474946E-5;4.545347E-5
4.379708E1;6.492179E-5;4.537282E-5;6.492001E-5;4.536502E-5;6.506321E-5;4.528480E-5;6.488600E-5;4.529424E-5;6.481482E-5;4.537849E-5
4.386374E1;6.485586E-5;4.542571E-5;6.485654E-5;4.542378E-5;6.499823E-5;4.534752E-5;6.482205E-5;4.535156E-5;6.474878E-5;4.544169E-5
4.393040E1;6.488503E-5;4.543498E-5;6.488656E-5;4.543510E-5;6.503901E-5;4.535563E-5;6.484987E-5;4.536315E-5;6.477613E-5;4.544858E-5
4.399707E1;6.490138E-5;4.542162E-5;6.490386E-5;4.542135E-5;6.505048E-5;4.533887E-5;6.486843E-5;4.534964E-5;6.479534E-5;4.543414E-5
4.406373E1;6.486931E-5;4.543425E-5;6.486773E-5;4.543637E-5;6.499976E-5;4.536229E-5;6.483246E-5;4.536288E-5;6.476213E-5;4.544170E-5
4.413039E1;6.489784E-5;4.544407E-5;6.489337E-5;4.544610E-5;6.502383E-5;4.537030E-5;6.485957E-5;4.537291E-5;6.479053E-5;4.545582E-5
4.419705E1;6.484268E-5;4.543286E-5;6.483929E-5;4.543322E-5;6.497059E-5;4.534707E-5;6.480601E-5;4.536234E-5;6.473736E-5;4.544883E-5
4.426372E1;6.486709E-5;4.541418E-5;6.486248E-5;4.541428E-5;6.499680E-5;4.532924E-5;6.482909E-5;4.534217E-5;6.476018E-5;4.542838E-5
4.433038E1;6.491646E-5;4.538156E-5;6.491461E-5;4.538441E-5;6.506373E-5;4.530699E-5;6.488013E-5;4.531266E-5;6.480960E-5;4.539216E-5
4.439704E1;6.493438E-5;4.537449E-5;6.493650E-5;4.537342E-5;6.508814E-5;4.531865E-5;6.490174E-5;4.530246E-5;6.483006E-5;4.538936E-5
4.446370E1;6.494271E-5;4.537811E-5;6.494086E-5;4.537609E-5;6.508756E-5;4.533965E-5;6.490650E-5;4.530429E-5;6.483549E-5;4.538982E-5
4.453036E1;6.492865E-5;4.536537E-5;6.492843E-5;4.536152E-5;6.506957E-5;4.534209E-5;6.489401E-5;4.529082E-5;6.482431E-5;4.537857E-5
4.459703E1;6.487867E-5;4.538933E-5;6.487862E-5;4.538864E-5;6.500580E-5;4.538342E-5;6.484527E-5;4.531912E-5;6.477534E-5;4.540673E-5
4.466369E1;6.486816E-5;4.541340E-5;6.486588E-5;4.541236E-5;6.499838E-5;4.537306E-5;6.483225E-5;4.534176E-5;6.476302E-5;4.542754E-5
4.473035E1;6.485156E-5;4.540834E-5;6.484921E-5;4.541053E-5;6.498022E-5;4.536315E-5;6.481604E-5;4.533951E-5;6.474626E-5;4.542273E-5
4.479701E1;6.491347E-5;4.545989E-5;6.491149E-5;4.546094E-5;6.504573E-5;4.540020E-5;6.487801E-5;4.538835E-5;6.480960E-5;4.547223E-5
4.486368E1;6.487392E-5;4.542648E-5;6.487245E-5;4.543068E-5;6.500242E-5;4.537253E-5;6.483765E-5;4.535707E-5;6.476695E-5;4.543838E-5
4.493034E1;6.483476E-5;4.546365E-5;6.483572E-5;4.546603E-5;6.497367E-5;4.539790E-5;6.480031E-5;4.539211E-5;6.472696E-5;4.547542E-5
4.499700E1;6.490534E-5;4.538174E-5;6.490230E-5;4.538351E-5;6.505252E-5;4.531265E-5;6.486694E-5;4.531183E-5;6.479533E-5;4.539264E-5
4.506366E1;6.492066E-5;4.535943E-5;6.491693E-5;4.535950E-5;6.506313E-5;4.531701E-5;6.488355E-5;4.528816E-5;6.481427E-5;4.536875E-5
4.513032E1;6.488775E-5;4.534463E-5;6.488589E-5;4.534174E-5;6.503096E-5;4.531242E-5;6.485158E-5;4.527155E-5;6.478198E-5;4.535249E-5
4.519699E1;6.488080E-5;4.539657E-5;6.488032E-5;4.539548E-5;6.501546E-5;4.537794E-5;6.484641E-5;4.532558E-5;6.477317E-5;4.541079E-5
4.526365E1;6.487951E-5;4.537986E-5;6.487985E-5;4.537915E-5;6.502672E-5;4.534379E-5;6.484436E-5;4.530781E-5;6.477210E-5;4.539439E-5
4.533031E1;6.490383E-5;4.539556E-5;6.490402E-5;4.539973E-5;6.502569E-5;4.538936E-5;6.486930E-5;4.532509E-5;6.479810E-5;4.540962E-5
4.539697E1;6.487985E-5;4.533443E-5;6.487259E-5;4.533814E-5;6.500802E-5;4.531591E-5;6.484009E-5;4.526290E-5;6.476888E-5;4.534077E-5
4.546364E1;6.489806E-5;4.533883E-5;6.489814E-5;4.533924E-5;6.504020E-5;4.532899E-5;6.486416E-5;4.526624E-5;6.479357E-5;4.534674E-5
4.553030E1;6.488928E-5;4.534858E-5;6.488708E-5;4.534813E-5;6.502468E-5;4.534592E-5;6.485247E-5;4.527561E-5;6.478336E-5;4.536030E-5
4.559696E1;6.486937E-5;4.533445E-5;6.486639E-5;4.533465E-5;6.500773E-5;4.533905E-5;6.483208E-5;4.526343E-5;6.476086E-5;4.534370E-5
4.566362E1;6.487003E-5;4.539287E-5;6.486739E-5;4.539583E-5;6.500629E-5;4.541176E-5;6.483419E-5;4.532234E-5;6.476279E-5;4.540803E-5
4.573028E1;6.486774E-5;4.540847E-5;6.486423E-5;4.540802E-5;6.499958E-5;4.542122E-5;6.482969E-5;4.533549E-5;6.475953E-5;4.542271E-5
4.579695E1;6.486915E-5;4.538913E-5;6.486549E-5;4.538881E-5;6.498398E-5;4.540214E-5;6.483015E-5;4.531773E-5;6.476113E-5;4.540009E-5
4.586361E1;6.480493E-5;4.544596E-5;6.480487E-5;4.544541E-5;6.494953E-5;4.542911E-5;6.477035E-5;4.537330E-5;6.469882E-5;4.545903E-5
4.593027E1;6.483029E-5;4.543658E-5;6.482937E-5;4.543922E-5;6.497178E-5;4.544009E-5;6.479626E-5;4.536414E-5;6.472548E-5;4.544851E-5
4.599693E1;6.494815E-5;4.540189E-5;6.494489E-5;4.540609E-5;6.505995E-5;4.539630E-5;6.491262E-5;4.533115E-5;6.484356E-5;4.541382E-5
4.606360E1;6.500533E-5;4.535241E-5;6.499995E-5;4.535588E-5;6.510966E-5;4.534389E-5;6.497067E-5;4.528215E-5;6.490116E-5;4.536262E-5
4.613026E1;6.502288E-5;4.530847E-5;6.502458E-5;4.530985E-5;6.515328E-5;4.530759E-5;6.498958E-5;4.523901E-5;6.491882E-5;4.531672E-5
4.619692E1;6.496016E-5;4.540450E-5;6.495925E-5;4.540481E-5;6.507806E-5;4.540027E-5;6.492427E-5;4.533416E-5;6.485413E-5;4.541997E-5
4.626358E1;6.495108E-5;4.541710E-5;6.494853E-5;4.541752E-5;6.506784E-5;4.537319E-5;6.491499E-5;4.534508E-5;6.484397E-5;4.542836E-5
4.633024E1;6.494018E-5;4.543240E-5;6.493977E-5;4.543137E-5;6.502520E-5;4.536589E-5;6.490455E-5;4.536011E-5;6.483171E-5;4.544704E-5
4.639691E1;6.492362E-5;4.545447E-5;6.491738E-5;4.545116E-5;6.498410E-5;4.538899E-5;6.488211E-5;4.538079E-5;6.481000E-5;4.546864E-5
4.646357E1;6.495463E-5;4.540455E-5;6.494748E-5;4.540209E-5;6.503246E-5;4.531735E-5;6.491152E-5;4.533130E-5;6.484186E-5;4.541885E-5
4.653023E1;6.490401E-5;4.543610E-5;6.489939E-5;4.543334E-5;6.497440E-5;4.535688E-5;6.486398E-5;4.536553E-5;6.479468E-5;4.544788E-5
4.659689E1;6.497349E-5;4.544665E-5;6.496954E-5;4.544383E-5;6.506071E-5;4.535030E-5;6.493532E-5;4.537410E-5;6.486439E-5;4.545939E-5
4.666356E1;6.498184E-5;4.541804E-5;6.498181E-5;4.541756E-5;6.505477E-5;4.532971E-5;6.494698E-5;4.534723E-5;6.487318E-5;4.542973E-5
4.673022E1;6.494408E-5;4.543791E-5;6.493848E-5;4.543413E-5;6.499593E-5;4.534079E-5;6.490512E-5;4.536482E-5;6.483546E-5;4.545218E-5
4.679688E1;6.485670E-5;4.546020E-5;6.485248E-5;4.545408E-5;6.490516E-5;4.535996E-5;6.482063E-5;4.538647E-5;6.475072E-5;4.547214E-5
4.686354E1;6.494912E-5;4.543883E-5;6.494575E-5;4.543346E-5;6.499137E-5;4.533753E-5;6.491369E-5;4.536445E-5;6.484603E-5;4.545193E-5
4.693020E1;6.494388E-5;4.543391E-5;6.494139E-5;4.543377E-5;6.498371E-5;4.534575E-5;6.490732E-5;4.536109E-5;6.483658E-5;4.544695E-5
4.699687E1;6.499953E-5;4.543340E-5;6.499783E-5;4.543628E-5;6.503470E-5;4.535044E-5;6.496197E-5;4.536187E-5;6.489080E-5;4.544402E-5
4.706353E1;6.491123E-5;4.547494E-5;6.490854E-5;4.547479E-5;6.494668E-5;4.538643E-5;6.487398E-5;4.540229E-5;6.480293E-5;4.548670E-5
4.713019E1;6.480629E-5;4.549049E-5;6.480624E-5;4.548733E-5;6.485361E-5;4.540595E-5;6.477194E-5;4.541730E-5;6.470182E-5;4.550525E-5
4.719685E1;6.484210E-5;4.549520E-5;6.483847E-5;4.548854E-5;6.491601E-5;4.543020E-5;6.480455E-5;4.541815E-5;6.473595E-5;4.550943E-5
4.726352E1;6.488758E-5;4.547180E-5;6.488734E-5;4.546626E-5;6.494939E-5;4.543518E-5;6.485290E-5;4.539575E-5;6.478435E-5;4.548126E-5
4.733018E1;6.490257E-5;4.538739E-5;6.490196E-5;4.538702E-5;6.495786E-5;4.537748E-5;6.486655E-5;4.531665E-5;6.479492E-5;4.539743E-5
4.739684E1;6.491423E-5;4.534066E-5;6.491302E-5;4.533818E-5;6.500235E-5;4.533793E-5;6.487838E-5;4.526743E-5;6.480765E-5;4.534880E-5
4.746350E1;6.484617E-5;4.535348E-5;6.483732E-5;4.534656E-5;6.493318E-5;4.533047E-5;6.480618E-5;4.527700E-5;6.473970E-5;4.536706E-5
4.753016E1;6.483048E-5;4.536716E-5;6.482591E-5;4.536281E-5;6.490021E-5;4.536041E-5;6.479231E-5;4.529314E-5;6.472269E-5;4.538406E-5
4.759683E1;6.487987E-5;4.535348E-5;6.487715E-5;4.535523E-5;6.493927E-5;4.536228E-5;6.484282E-5;4.528397E-5;6.477221E-5;4.537061E-5
4.766349E1;6.486303E-5;4.534064E-5;6.486166E-5;4.533949E-5;6.491327E-5;4.534805E-5;6.482791E-5;4.526824E-5;6.475913E-5;4.535091E-5
4.773015E1;6.485757E-5;4.532799E-5;6.485498E-5;4.532339E-5;6.490023E-5;4.533224E-5;6.482200E-5;4.525408E-5;6.475379E-5;4.534259E-5
4.779681E1;6.491442E-5;4.530261E-5;6.491138E-5;4.529580E-5;6.495533E-5;4.530617E-5;6.487574E-5;4.522596E-5;6.480657E-5;4.531300E-5
4.786348E1;6.492184E-5;4.532160E-5;6.491671E-5;4.533110E-5;6.508752E-5;4.536055E-5;6.490343E-5;4.527657E-5;6.483518E-5;4.538298E-5
