;masa A;;;;
t;x;y;v;frame;
0.000000E0;6.451302E-5;4.545895E-5;;0
6.666222E-2;6.456026E-5;4.545082E-5;3.282105E-7;1
1.333244E-1;6.451791E-5;4.541547E-5;2.082554E-7;2
1.999867E-1;6.454983E-5;4.542509E-5;2.640369E-7;3
2.666489E-1;6.455028E-5;4.542931E-5;2.144675E-7;4
3.333111E-1;6.457635E-5;4.541442E-5;5.365776E-7;5
3.999733E-1;6.461640E-5;4.545660E-5;6.260520E-7;6
4.666356E-1;6.459719E-5;4.549525E-5;3.838082E-7;7
5.332978E-1;6.466455E-5;4.543929E-5;6.587102E-7;8
5.999600E-1;6.460920E-5;4.540825E-5;7.349321E-7;9
6.666222E-1;6.456657E-5;4.543871E-5;9.006477E-7;10
7.332844E-1;6.450816E-5;4.547313E-5;4.320561E-7;11
7.999467E-1;6.458836E-5;4.549204E-5;8.050213E-7;12
8.666089E-1;6.460767E-5;4.543292E-5;3.747171E-7;13
9.332711E-1;6.458985E-5;4.544210E-5;5.717687E-7;14
9.999333E-1;6.458408E-5;4.550541E-5;3.380088E-7;15
1.066596E0;6.461665E-5;4.547833E-5;6.942261E-7;16
1.133258E0;6.455933E-5;4.541622E-5;3.777689E-7;17
1.199920E0;6.459878E-5;4.543124E-5;2.465526E-7;18
1.266582E0;6.459204E-5;4.541942E-5;3.988295E-7;19
1.333244E0;6.454573E-5;4.542756E-5;2.772705E-7;20
1.399907E0;6.457756E-5;4.545343E-5;5.226073E-7;21
1.466569E0;6.458989E-5;4.548145E-5;4.165291E-7;22
1.533231E0;6.459397E-5;4.550648E-5;4.100946E-7;23
1.599893E0;6.458766E-5;4.542682E-5;6.481672E-7;24
1.666556E0;6.461898E-5;4.542377E-5;2.763597E-7;25
1.733218E0;6.461819E-5;4.544746E-5;4.820483E-7;26
1.799880E0;6.467789E-5;4.544946E-5;3.536703E-7;27
1.866542E0;6.462827E-5;4.549352E-5;6.050843E-7;28
1.933204E0;6.459763E-5;4.544128E-5;5.948890E-7;29
1.999867E0;6.464330E-5;4.541564E-5;4.518632E-7;30
2.066529E0;6.465629E-5;4.545500E-5;8.758723E-7;31
2.133191E0;6.458498E-5;4.551681E-5;3.334758E-7;32
2.199853E0;6.461532E-5;4.543773E-5;6.738283E-7;33
2.266516E0;6.464377E-5;4.544888E-5;2.853244E-7;34
2.333178E0;6.465299E-5;4.544301E-5;2.050279E-7;35
2.399840E0;6.467074E-5;4.545334E-5;6.936932E-7;36
2.466502E0;6.461802E-5;4.552863E-5;2.391489E-7;37
2.533164E0;6.463899E-5;4.545036E-5;5.491785E-7;38
2.599827E0;6.460152E-5;4.545729E-5;5.730064E-7;39
2.666489E0;6.456345E-5;4.543897E-5;6.774894E-7;40
2.733151E0;6.452533E-5;4.550580E-5;2.002980E-7;41
2.799813E0;6.458150E-5;4.545865E-5;7.459121E-7;42
2.866476E0;6.460948E-5;4.545280E-5;6.616621E-7;43
2.933138E0;6.455062E-5;4.537602E-5;6.358483E-7;44
2.999800E0;6.459299E-5;4.536964E-5;4.660325E-7;45
3.066462E0;6.460226E-5;4.541057E-5;3.958380E-7;46
3.133124E0;6.456809E-5;4.541617E-5;4.417973E-7;47
3.199787E0;6.461344E-5;4.546840E-5;3.422278E-7;48
3.266449E0;6.461272E-5;4.540668E-5;5.031538E-7;49
3.333111E0;6.466761E-5;4.542882E-5;2.539238E-7;50
3.399773E0;6.461373E-5;4.544052E-5;2.501615E-7;51
3.466436E0;6.463434E-5;4.543123E-5;2.266787E-7;52
3.533098E0;6.464197E-5;4.545130E-5;5.018554E-7;53
3.599760E0;6.461505E-5;4.549530E-5;4.666736E-7;54
3.666422E0;6.460411E-5;4.550068E-5;1.888761E-7;55
3.733084E0;6.460027E-5;4.551569E-5;4.701680E-7;56
3.799747E0;6.454617E-5;4.552460E-5;5.374529E-7;57
3.866409E0;6.453242E-5;4.549267E-5;4.410979E-7;58
3.933071E0;6.457680E-5;4.547439E-5;8.512009E-7;59
3.999733E0;6.463301E-5;4.544012E-5;1.008457E-6;60
4.066396E0;6.466670E-5;4.537442E-5;5.858612E-7;61
4.133058E0;6.467755E-5;4.537596E-5;5.869396E-7;62
4.199720E0;6.460597E-5;4.542376E-5;9.717499E-7;63
4.266382E0;6.457720E-5;4.545790E-5;4.065243E-7;64
4.333044E0;6.455183E-5;4.542110E-5;3.872343E-7;65
4.399707E0;6.453396E-5;4.542968E-5;9.334632E-7;66
4.466369E0;6.444605E-5;4.548667E-5;3.811016E-7;67
4.533031E0;6.450340E-5;4.538909E-5;9.933634E-7;68
4.599693E0;6.455348E-5;4.540922E-5;3.605698E-7;69
4.666356E0;6.453842E-5;4.542203E-5;3.628095E-7;70
4.733018E0;6.452660E-5;4.544943E-5;3.434560E-7;71
4.799680E0;6.451956E-5;4.546376E-5;1.404723E-7;72
4.866342E0;6.454506E-5;4.544627E-5;6.758331E-7;73
4.933004E0;6.460518E-5;4.543568E-5;8.105645E-7;74
4.999667E0;6.465200E-5;4.543072E-5;1.923239E-7;75
5.066329E0;6.461575E-5;4.541232E-5;4.494050E-7;76
5.132991E0;6.459284E-5;4.542121E-5;2.304312E-7;77
5.199653E0;6.461600E-5;4.544304E-5;3.661641E-7;78
5.266316E0;6.460945E-5;4.546711E-5;1.063949E-7;79
5.332978E0;6.460467E-5;4.545158E-5;6.486174E-8;80
5.399640E0;6.461012E-5;4.545849E-5;2.932872E-7;81
5.466302E0;6.464208E-5;4.546297E-5;2.003229E-7;82
5.532964E0;6.463283E-5;4.544443E-5;2.228642E-7;83
5.599627E0;6.463670E-5;4.549219E-5;2.207431E-7;84
5.666289E0;6.460766E-5;4.545968E-5;5.575803E-7;85
5.732951E0;6.468608E-5;4.543662E-5;5.539876E-7;86
5.799613E0;6.467632E-5;4.543246E-5;4.379977E-8;87
5.866276E0;6.468025E-5;4.543681E-5;4.158012E-7;88
5.932938E0;6.467567E-5;4.548789E-5;6.188575E-7;89
5.999600E0;6.461301E-5;4.548463E-5;3.998360E-7;90
6.066262E0;6.462826E-5;4.546352E-5;4.834488E-7;91
6.132924E0;6.465399E-5;4.543488E-5;1.762244E-7;92
6.199587E0;6.462479E-5;4.544029E-5;4.782631E-7;93
6.266249E0;6.459192E-5;4.544951E-5;5.321848E-7;94
6.332911E0;6.460449E-5;4.550827E-5;5.379046E-7;95
6.399573E0;6.465815E-5;4.547703E-5;5.863333E-7;96
6.466236E0;6.467580E-5;4.547624E-5;9.298055E-7;97
6.532898E0;6.453902E-5;4.551131E-5;7.902445E-7;98
6.599560E0;6.457595E-5;4.544260E-5;6.991102E-7;99
6.666222E0;6.459847E-5;4.543953E-5;7.172009E-7;100
6.732884E0;6.466706E-5;4.541357E-5;3.494045E-7;101
6.799547E0;6.462454E-5;4.547814E-5;2.050138E-7;102
6.866209E0;6.466432E-5;4.544077E-5;2.357182E-7;103
6.932871E0;6.459935E-5;4.545935E-5;4.560160E-7;104
6.999533E0;6.463125E-5;4.549179E-5;9.540407E-8;105
7.066196E0;6.459162E-5;4.546946E-5;4.702151E-7;106
7.132858E0;6.457561E-5;4.552068E-5;5.909033E-7;107
7.199520E0;6.464159E-5;4.553037E-5;6.971367E-7;108
7.266182E0;6.456075E-5;4.561243E-5;4.060345E-7;109
7.332844E0;6.459661E-5;4.550023E-5;1.179497E-6;110
7.399507E0;6.461420E-5;4.546453E-5;7.206413E-7;111
7.466169E0;6.466567E-5;4.543343E-5;4.799863E-7;112
7.532831E0;6.467797E-5;4.545922E-5;2.593546E-7;113
7.599493E0;6.463110E-5;4.543380E-5;9.545577E-7;114
7.666156E0;6.455705E-5;4.549889E-5;1.210967E-6;115
7.732818E0;6.451734E-5;4.554837E-5;3.168438E-7;116
7.799480E0;6.452173E-5;4.547572E-5;2.804653E-7;117
7.866142E0;6.455322E-5;4.553784E-5;7.103497E-7;118
7.932804E0;6.461640E-5;4.547834E-5;6.781950E-7;119
7.999467E0;6.461773E-5;4.547448E-5;4.319877E-7;120
8.066129E0;6.465089E-5;4.543221E-5;7.620331E-8;121
8.132791E0;6.460911E-5;4.547987E-5;3.609070E-7;122
8.199453E0;6.462460E-5;4.547251E-5;7.440214E-7;123
8.266116E0;6.454441E-5;4.540468E-5;4.281699E-7;124
8.332778E0;6.456798E-5;4.546523E-5;7.989289E-7;125
8.399440E0;6.450566E-5;4.550390E-5;4.011471E-7;126
8.466102E0;6.452509E-5;4.549717E-5;5.043431E-7;127
8.532764E0;6.453674E-5;4.544428E-5;1.604471E-7;128
8.599427E0;6.450369E-5;4.549718E-5;5.071028E-7;129
8.666089E0;6.454322E-5;4.551157E-5;5.940261E-8;130
8.732751E0;6.451130E-5;4.549499E-5;3.533278E-7;131
8.799413E0;6.452882E-5;4.546672E-5;1.018389E-7;132
8.866076E0;6.450284E-5;4.548437E-5;1.205335E-7;133
8.932738E0;6.452657E-5;4.545081E-5;1.822646E-7;134
8.999400E0;6.448231E-5;4.549738E-5;3.378045E-8;135
9.066062E0;6.453057E-5;4.545288E-5;3.650988E-7;136
9.132724E0;6.452145E-5;4.546843E-5;2.904938E-7;137
9.199387E0;6.456925E-5;4.545086E-5;7.647725E-7;138
9.266049E0;6.461236E-5;4.542225E-5;5.226045E-7;139
9.332711E0;6.460794E-5;4.539292E-5;6.399573E-7;140
9.399373E0;6.453308E-5;4.545380E-5;6.483383E-7;141
9.466036E0;6.460529E-5;4.547932E-5;1.626735E-7;142
9.532698E0;6.455476E-5;4.545442E-5;9.509786E-7;143
9.599360E0;6.450027E-5;4.540828E-5;4.263497E-7;144
9.666022E0;6.451896E-5;4.541026E-5;3.809024E-7;145
9.732684E0;6.454576E-5;4.543085E-5;5.034635E-7;146
9.799347E0;6.455612E-5;4.546616E-5;6.039231E-7;147
9.866009E0;6.452642E-5;4.550901E-5;6.424151E-7;148
9.932671E0;6.447721E-5;4.549947E-5;3.666759E-7;149
9.999333E0;6.451405E-5;4.546171E-5;6.586664E-7;150
1.006600E1;6.454458E-5;4.544314E-5;3.799196E-7;151
1.013266E1;6.449502E-5;4.550866E-5;4.431427E-7;152
1.019932E1;6.451619E-5;4.549495E-5;3.001532E-7;153
1.026598E1;6.451937E-5;4.547690E-5;5.824199E-7;154
1.033264E1;6.455920E-5;4.543030E-5;2.943864E-7;155
1.039931E1;6.454141E-5;4.544442E-5;2.501430E-7;156
1.046597E1;6.456898E-5;4.546219E-5;2.513059E-7;157
1.053263E1;6.454953E-5;4.547693E-5;3.992731E-7;158
1.059929E1;6.451601E-5;4.546748E-5;6.846525E-7;159
1.066596E1;6.446103E-5;4.549927E-5;1.665134E-7;160
1.073262E1;6.452862E-5;4.544921E-5;6.903210E-7;161
1.079928E1;6.454634E-5;4.546473E-5;7.502379E-7;162
1.086594E1;6.444001E-5;4.549561E-5;5.559763E-7;163
1.093260E1;6.447541E-5;4.548625E-5;8.002191E-7;164
1.099927E1;6.443422E-5;4.538908E-5;2.473708E-7;165
1.106593E1;6.447259E-5;4.545339E-5;7.637504E-7;166
1.113259E1;6.448443E-5;4.547766E-5;3.874920E-7;167
1.119925E1;6.452070E-5;4.547221E-5;2.420230E-7;168
1.126592E1;6.450915E-5;4.549840E-5;4.033752E-7;169
1.133258E1;6.446706E-5;4.546843E-5;3.223822E-7;170
1.139924E1;6.449865E-5;4.545672E-5;2.381473E-7;171
1.146590E1;6.449795E-5;4.546111E-5;4.241444E-7;172
1.153256E1;6.447134E-5;4.550624E-5;4.285175E-7;173
1.159923E1;6.447628E-5;4.551397E-5;7.116373E-7;174
1.166589E1;6.452884E-5;4.543077E-5;7.056731E-7;175
1.173255E1;6.455941E-5;4.546991E-5;2.263966E-7;176
1.179921E1;6.454807E-5;4.545404E-5;3.637323E-7;177
1.186588E1;6.452808E-5;4.543290E-5;4.829911E-7;178
1.193254E1;6.449498E-5;4.549047E-5;7.658582E-7;179
1.199920E1;6.444746E-5;4.549555E-5;2.899390E-7;180
1.206586E1;6.452107E-5;4.546195E-5;7.594716E-7;181
1.213252E1;6.454871E-5;4.549431E-5;4.022121E-7;182
1.219919E1;6.451158E-5;4.551473E-5;4.038598E-7;183
1.226585E1;6.449493E-5;4.549698E-5;8.632493E-7;184
1.233251E1;6.439668E-5;4.550806E-5;4.079855E-7;185
1.239917E1;6.448586E-5;4.544335E-5;4.741148E-7;186
1.246584E1;6.445088E-5;4.547554E-5;2.980735E-7;187
1.253250E1;6.445504E-5;4.546843E-5;3.915525E-7;188
1.259916E1;6.450279E-5;4.548108E-5;8.101106E-7;189
1.266582E1;6.456046E-5;4.544495E-5;2.960403E-7;190
1.273248E1;6.454104E-5;4.549082E-5;3.000952E-7;191
1.279915E1;6.454282E-5;4.548086E-5;6.544847E-8;192
1.286581E1;6.454700E-5;4.549720E-5;6.008753E-7;193
1.293247E1;6.462288E-5;4.547784E-5;3.522894E-7;194
1.299913E1;6.459349E-5;4.549053E-5;5.310324E-7;195
1.306580E1;6.455209E-5;4.547656E-5;9.950872E-7;196
1.313246E1;6.446641E-5;4.545242E-5;8.872751E-7;197
1.319912E1;6.444010E-5;4.543844E-5;4.305130E-7;198
1.326578E1;6.448655E-5;4.539867E-5;7.107731E-7;199
1.333244E1;6.453304E-5;4.541993E-5;2.132681E-7;200
1.339911E1;6.451494E-5;4.539703E-5;5.920793E-7;201
1.346577E1;6.445456E-5;4.541144E-5;5.488708E-7;202
1.353243E1;6.456325E-5;4.545200E-5;5.650192E-7;203
1.359909E1;6.448736E-5;4.547925E-5;1.106279E-6;204
1.366576E1;6.442081E-5;4.549027E-5;1.919672E-7;205
1.373242E1;6.446310E-5;4.547110E-5;1.987746E-7;206
1.379908E1;6.439444E-5;4.549294E-5;1.781154E-7;207
1.386574E1;6.444894E-5;4.545203E-5;9.076762E-7;208
1.393240E1;6.451449E-5;4.550822E-5;4.207269E-7;209
1.399907E1;6.442999E-5;4.550483E-5;6.826186E-7;210
1.406573E1;6.444856E-5;4.544548E-5;6.123044E-7;211
1.413239E1;6.448685E-5;4.544625E-5;5.985267E-7;212
1.419905E1;6.450639E-5;4.550046E-5;3.826736E-7;213
1.426572E1;6.451186E-5;4.549072E-5;2.200294E-7;214
1.433238E1;6.449924E-5;4.547201E-5;5.517191E-7;215
1.439904E1;6.445465E-5;4.553696E-5;3.870386E-7;216
1.446570E1;6.449073E-5;4.552291E-5;2.721127E-7;217
1.453236E1;6.447171E-5;4.550494E-5;7.308620E-8;218
1.459903E1;6.449888E-5;4.551758E-5;3.249543E-7;219
1.466569E1;6.451326E-5;4.551722E-5;2.544354E-7;220
1.473235E1;6.447933E-5;4.548985E-5;2.196680E-7;221
1.479901E1;6.449263E-5;4.549643E-5;2.519400E-7;222
1.486568E1;6.451077E-5;4.550168E-5;7.434004E-7;223
1.493234E1;6.458739E-5;4.546737E-5;4.825124E-7;224
1.499900E1;6.455334E-5;4.545345E-5;1.984044E-7;225
1.506566E1;6.458276E-5;4.544132E-5;5.052105E-7;226
1.513232E1;6.462068E-5;4.545492E-5;5.842382E-7;227
1.519899E1;6.452458E-5;4.549311E-5;7.219279E-7;228
1.526565E1;6.452822E-5;4.548169E-5;1.687507E-7;229
1.533231E1;6.450335E-5;4.550056E-5;7.893618E-7;230
1.539897E1;6.442353E-5;4.549240E-5;4.395917E-7;231
1.546564E1;6.448488E-5;4.544494E-5;1.047963E-6;232
1.553230E1;6.455986E-5;4.546183E-5;3.990351E-7;233
1.559896E1;6.453188E-5;4.546987E-5;3.342661E-7;234
1.566562E1;6.452770E-5;4.543098E-5;3.993125E-7;235
1.573228E1;6.458449E-5;4.547807E-5;3.057980E-7;236
1.579895E1;6.456164E-5;4.545357E-5;9.716147E-7;237
1.586561E1;6.445498E-5;4.548083E-5;2.132990E-7;238
1.593227E1;6.453430E-5;4.544576E-5;9.771779E-7;239
1.599893E1;6.458247E-5;4.545404E-5;5.033647E-7;240
1.606560E1;6.460134E-5;4.544268E-5;5.841433E-7;241
1.613226E1;6.463439E-5;4.539598E-5;2.018879E-7;242
1.619892E1;6.461862E-5;4.542205E-5;6.097213E-7;243
1.626558E1;6.464457E-5;4.547663E-5;6.392480E-7;244
1.633224E1;6.460261E-5;4.550576E-5;9.242730E-7;245
1.639891E1;6.452167E-5;4.548557E-5;1.011735E-6;246
1.646557E1;6.447782E-5;4.545454E-5;3.348470E-7;247
1.653223E1;6.453384E-5;4.544262E-5;7.660508E-7;248
1.659889E1;6.457308E-5;4.541771E-5;5.948666E-7;249
1.666556E1;6.460796E-5;4.547083E-5;2.678451E-7;250
1.673222E1;6.454469E-5;4.543937E-5;5.282980E-7;251
1.679888E1;6.453922E-5;4.548618E-5;2.806272E-7;252
1.686554E1;6.455081E-5;4.547629E-5;1.143033E-7;253
1.693220E1;6.452839E-5;4.549689E-5;1.768171E-8;254
1.699887E1;6.455247E-5;4.547796E-5;9.317156E-8;255
1.706553E1;6.452641E-5;4.548463E-5;3.789372E-7;256
1.713219E1;6.450817E-5;4.550225E-5;1.059141E-7;257
1.719885E1;6.452897E-5;4.549852E-5;2.715801E-7;258
1.726552E1;6.454087E-5;4.548671E-5;1.899524E-7;259
1.733218E1;6.454020E-5;4.547582E-5;5.712903E-8;260
1.739884E1;6.454574E-5;4.548085E-5;1.345224E-7;261
1.746550E1;6.454348E-5;4.545818E-5;2.090765E-7;262
1.753216E1;6.452823E-5;4.545916E-5;3.936254E-7;263
1.759883E1;6.452766E-5;4.540815E-5;1.287091E-7;264
1.766549E1;6.451126E-5;4.545663E-5;2.751590E-7;265
1.773215E1;6.449624E-5;4.542708E-5;3.368408E-7;266
1.779881E1;6.449080E-5;4.541665E-5;2.778811E-7;267
1.786548E1;6.449486E-5;4.546411E-5;5.689555E-7;268
1.793214E1;6.451877E-5;4.548716E-5;3.650060E-7;269
1.799880E1;6.454352E-5;4.546436E-5;2.389716E-7;270
1.806546E1;6.454713E-5;4.547264E-5;2.055659E-7;271
1.813212E1;6.453887E-5;4.549137E-5;6.037220E-7;272
1.819879E1;6.462694E-5;4.546221E-5;2.762801E-7;273
1.826545E1;6.450439E-5;4.550432E-5;9.635119E-7;274
1.833211E1;6.451158E-5;4.551871E-5;3.286340E-7;275
1.839877E1;6.453792E-5;4.553252E-5;2.043203E-7;276
1.846544E1;6.452690E-5;4.549619E-5;1.624347E-7;277
1.853210E1;6.452038E-5;4.551982E-5;5.251287E-7;278
1.859876E1;6.449495E-5;4.555848E-5;3.521873E-7;279
1.866542E1;6.448623E-5;4.548759E-5;3.578742E-7;280
1.873208E1;6.453746E-5;4.553681E-5;6.129653E-7;281
1.879875E1;6.455964E-5;4.552350E-5;3.455954E-7;282
1.886541E1;6.457908E-5;4.555658E-5;9.728372E-7;283
1.893207E1;6.468357E-5;4.556176E-5;6.115946E-7;284
1.899873E1;6.465646E-5;4.553088E-5;2.343531E-7;285
1.906540E1;6.465974E-5;4.554156E-5;7.180284E-7;286
1.913206E1;6.456127E-5;4.554102E-5;8.102200E-7;287
1.919872E1;6.456050E-5;4.549888E-5;3.987511E-7;288
1.926538E1;6.454887E-5;4.548932E-5;2.156030E-7;289
1.933204E1;6.455983E-5;4.552762E-5;8.240021E-7;290
1.939871E1;6.444621E-5;4.552842E-5;6.305784E-7;291
1.946537E1;6.448341E-5;4.549258E-5;5.856289E-7;292
1.953203E1;6.452213E-5;4.551018E-5;1.046426E-7;293
1.959869E1;6.448145E-5;4.547877E-5;5.024507E-7;294
1.966536E1;6.445830E-5;4.548984E-5;7.410761E-7;295
1.973202E1;6.438454E-5;4.549801E-5;1.191663E-7;296
1.979868E1;6.445100E-5;4.550395E-5;3.788499E-7;297
1.986534E1;6.443126E-5;4.551721E-5;4.992489E-7;298
1.993200E1;6.450638E-5;4.546704E-5;9.760919E-7;299
1.999867E1;6.453878E-5;4.544390E-5;2.143885E-7;300
2.006533E1;6.452254E-5;4.549061E-5;4.004782E-7;301
2.013199E1;6.449289E-5;4.547119E-5;4.238761E-7;302
2.019865E1;6.454892E-5;4.554059E-5;6.256881E-7;303
2.026532E1;6.455219E-5;4.552987E-5;3.041573E-8;304
2.033198E1;6.454502E-5;4.553949E-5;5.417507E-8;305
2.039864E1;6.455862E-5;4.553316E-5;2.660912E-7;306
2.046530E1;6.457735E-5;4.552488E-5;8.419506E-8;307
2.053196E1;6.456914E-5;4.553707E-5;4.730376E-7;308
2.059863E1;6.451429E-5;4.552602E-5;9.478474E-7;309
2.066529E1;6.449288E-5;4.563784E-5;8.474560E-7;310
2.073195E1;6.453533E-5;4.563703E-5;1.885432E-7;311
2.079861E1;6.451785E-5;4.563492E-5;4.961326E-7;312
2.086528E1;6.450268E-5;4.557950E-5;6.004030E-7;313
2.093194E1;6.456831E-5;4.557277E-5;2.413171E-7;314
2.099860E1;6.453014E-5;4.559627E-5;3.736346E-7;315
2.106526E1;6.452228E-5;4.555372E-5;1.987414E-7;316
2.113192E1;6.450568E-5;4.558608E-5;2.746577E-7;317
2.119859E1;6.448571E-5;4.555552E-5;9.801482E-8;318
2.126525E1;6.451824E-5;4.558248E-5;9.404481E-8;319
2.133191E1;6.448969E-5;4.556740E-5;3.297499E-7;320
2.139857E1;6.447684E-5;4.556767E-5;1.019575E-6;321
2.146524E1;6.460850E-5;4.550135E-5;6.485798E-7;322
2.153190E1;6.456277E-5;4.555801E-5;6.120171E-7;323
2.159856E1;6.456811E-5;4.557225E-5;1.288930E-7;324
2.166522E1;6.454698E-5;4.556479E-5;5.175817E-7;325
2.173188E1;6.452544E-5;4.562648E-5;2.043441E-7;326
2.179855E1;6.452425E-5;4.557981E-5;6.460138E-7;327
2.186521E1;6.455612E-5;4.554600E-5;2.449498E-7;328
2.193187E1;6.453704E-5;4.554976E-5;2.502263E-7;329
2.199853E1;6.457246E-5;4.551691E-5;7.133177E-7;330
2.206520E1;6.462755E-5;4.552054E-5;4.666251E-7;331
2.213186E1;6.452825E-5;4.556069E-5;5.934703E-7;332
2.219852E1;6.456072E-5;4.556292E-5;4.973660E-7;333
2.226518E1;6.458243E-5;4.559892E-5;5.934470E-8;334
2.233184E1;6.456107E-5;4.557082E-5;5.220778E-7;335
2.239851E1;6.451486E-5;4.558222E-5;4.377886E-7;336
2.246517E1;6.452744E-5;4.552311E-5;8.255818E-7;337
2.253183E1;6.462237E-5;4.555863E-5;6.711318E-7;338
2.259849E1;6.461197E-5;4.555245E-5;6.919196E-7;339
2.266516E1;6.453981E-5;4.559979E-5;6.155876E-7;340
2.273182E1;6.453004E-5;4.555726E-5;4.378831E-7;341
2.279848E1;6.458700E-5;4.556541E-5;6.728648E-7;342
2.286514E1;6.461485E-5;4.552802E-5;4.175092E-7;343
2.293180E1;6.463305E-5;4.553415E-5;5.046280E-7;344
2.299847E1;6.458772E-5;4.558959E-5;4.422052E-7;345
2.306513E1;6.457583E-5;4.554833E-5;3.159916E-7;346
2.313179E1;6.456313E-5;4.555538E-5;6.705613E-8;347
2.319845E1;6.457481E-5;4.553945E-5;6.754051E-7;348
2.326512E1;6.464937E-5;4.558128E-5;4.795284E-7;349
2.333178E1;6.457335E-5;4.560336E-5;5.853680E-7;350
2.339844E1;6.458312E-5;4.562252E-5;4.322938E-7;351
2.346510E1;6.463029E-5;4.561227E-5;7.177313E-7;352
2.353176E1;6.463142E-5;4.553991E-5;6.840487E-7;353
2.359843E1;6.454048E-5;4.559642E-5;3.740505E-7;354
2.366509E1;6.458636E-5;4.551855E-5;9.181737E-7;355
2.373175E1;6.461215E-5;4.549719E-5;2.077446E-7;356
2.379841E1;6.456301E-5;4.553345E-5;6.241177E-7;357
2.386508E1;6.454032E-5;4.553919E-5;2.028805E-7;358
2.393174E1;6.458795E-5;4.554392E-5;7.018050E-7;359
2.399840E1;6.460995E-5;4.560170E-5;8.354715E-7;360
2.406506E1;6.458909E-5;4.565531E-5;3.800657E-7;361
2.413172E1;6.466058E-5;4.559975E-5;4.061281E-7;362
2.419839E1;6.459084E-5;4.560119E-5;5.816137E-7;363
2.426505E1;6.465045E-5;4.552287E-5;6.507880E-7;364
2.433171E1;6.463222E-5;4.552492E-5;3.601842E-8;365
2.439837E1;6.465394E-5;4.551957E-5;1.509747E-7;366
2.446504E1;6.464931E-5;4.553555E-5;7.086984E-7;367
2.453170E1;6.462051E-5;4.560795E-5;3.955395E-7;368
2.459836E1;6.464651E-5;4.558821E-5;2.436309E-7;369
2.466502E1;6.458928E-5;4.559903E-5;8.523076E-7;370
2.473168E1;6.454067E-5;4.554683E-5;6.868765E-7;371
2.479835E1;6.454381E-5;4.551954E-5;2.683747E-7;372
2.486501E1;6.457597E-5;4.555274E-5;3.504999E-7;373
2.493167E1;6.456694E-5;4.556014E-5;5.219706E-7;374
2.499833E1;6.463254E-5;4.559327E-5;7.182935E-7;375
2.506500E1;6.466204E-5;4.554889E-5;3.801427E-7;376
2.513166E1;6.468269E-5;4.558597E-5;6.762914E-7;377
2.519832E1;6.458463E-5;4.559512E-5;3.515245E-7;378
2.526498E1;6.464461E-5;4.555865E-5;2.744799E-7;379
2.533164E1;6.457562E-5;4.555966E-5;7.908044E-7;380
2.539831E1;6.454347E-5;4.558843E-5;1.407494E-7;381
2.546497E1;6.458054E-5;4.557777E-5;8.025993E-7;382
2.553163E1;6.464131E-5;4.554511E-5;2.097570E-7;383
2.559829E1;6.460037E-5;4.555805E-5;5.632108E-7;384
2.566496E1;6.458203E-5;4.559119E-5;1.591104E-7;385
2.573162E1;6.458716E-5;4.557465E-5;3.288687E-7;386
2.579828E1;6.458762E-5;4.554771E-5;1.485320E-7;387
2.586494E1;6.458005E-5;4.559313E-5;3.946854E-7;388
2.593160E1;6.458794E-5;4.560033E-5;6.209267E-7;389
2.599827E1;6.465802E-5;4.556532E-5;5.992264E-7;390
2.606493E1;6.453307E-5;4.554226E-5;5.701551E-7;391
2.613159E1;6.461507E-5;4.550260E-5;4.998069E-7;392
2.619825E1;6.458009E-5;4.549505E-5;2.482459E-7;393
2.626492E1;6.458934E-5;4.552343E-5;5.943631E-7;394
2.633158E1;6.454239E-5;4.556475E-5;5.619702E-7;395
2.639824E1;6.451611E-5;4.553924E-5;6.650063E-7;396
2.646490E1;6.445465E-5;4.555199E-5;2.810961E-7;397
2.653156E1;6.448626E-5;4.556191E-5;1.046621E-6;398
2.659823E1;6.457083E-5;4.547470E-5;3.369466E-7;399
2.666489E1;6.452123E-5;4.553371E-5;1.177421E-6;400
2.673155E1;6.451065E-5;4.561969E-5;2.929458E-7;401
2.679821E1;6.454497E-5;4.556472E-5;5.327883E-7;402
2.686488E1;6.453117E-5;4.555168E-5;1.782354E-7;403
2.693154E1;6.452238E-5;4.555735E-5;6.458264E-7;404
2.699820E1;6.461684E-5;4.556030E-5;5.626944E-7;405
2.706486E1;6.459497E-5;4.553841E-5;3.078179E-7;406
2.713152E1;6.458286E-5;4.553729E-5;1.827012E-7;407
2.719819E1;6.457811E-5;4.555599E-5;5.303671E-7;408
2.726485E1;6.455978E-5;4.547045E-5;4.219723E-7;409
2.733151E1;6.452196E-5;4.555259E-5;1.000890E-6;410
2.739817E1;6.457420E-5;4.560311E-5;4.871113E-7;411
2.746484E1;6.457294E-5;4.559281E-5;3.475157E-7;412
2.753150E1;6.458041E-5;4.555720E-5;2.802880E-7;413
2.759816E1;6.459133E-5;4.556028E-5;3.654786E-7;414
2.766482E1;6.460222E-5;4.560077E-5;2.926207E-7;415
2.773148E1;6.462805E-5;4.554709E-5;8.913252E-7;416
2.779815E1;6.454858E-5;4.549473E-5;2.380996E-7;417
2.786481E1;6.459646E-5;4.554390E-5;6.121042E-7;418
2.793147E1;6.463010E-5;4.549851E-5;4.289204E-7;419
2.799813E1;6.457709E-5;4.549010E-5;1.261211E-7;420
2.806480E1;6.462019E-5;4.548493E-5;2.650507E-7;421
2.813146E1;6.454636E-5;4.550754E-5;9.477523E-7;422
2.819812E1;6.449702E-5;4.551315E-5;9.307869E-7;423
2.826478E1;6.442247E-5;4.550031E-5;3.994995E-7;424
2.833144E1;6.448648E-5;4.546094E-5;1.181887E-6;425
2.839811E1;6.457541E-5;4.546236E-5;1.003463E-6;426
2.846477E1;6.462001E-5;4.545253E-5;4.861606E-7;427
2.853143E1;6.452687E-5;4.550531E-5;1.031467E-6;428
2.859809E1;6.449764E-5;4.551529E-5;9.759462E-7;429
2.866476E1;6.445718E-5;4.561519E-5;6.289860E-7;430
2.873142E1;6.453327E-5;4.559121E-5;7.066017E-7;431
2.879808E1;6.453431E-5;4.556110E-5;3.827767E-7;432
2.886474E1;6.450181E-5;4.555102E-5;4.706329E-7;433
2.893140E1;6.449770E-5;4.551013E-5;5.383114E-7;434
2.899807E1;6.447507E-5;4.548442E-5;3.156656E-7;435
2.906473E1;6.448075E-5;4.547162E-5;4.988572E-7;436
2.913139E1;6.453611E-5;4.551083E-5;6.991101E-7;437
2.919805E1;6.454442E-5;4.553968E-5;1.102869E-7;438
2.926472E1;6.452516E-5;4.550102E-5;2.622633E-7;439
2.933138E1;6.452480E-5;4.551074E-5;2.361935E-7;440
2.939804E1;6.455481E-5;4.549041E-5;4.695109E-7;441
2.946470E1;6.448113E-5;4.546589E-5;2.393739E-7;442
2.953136E1;6.452292E-5;4.548917E-5;5.552893E-7;443
2.959803E1;6.443057E-5;4.551997E-5;1.340550E-7;444
2.966469E1;6.450881E-5;4.550014E-5;5.401519E-7;445
2.973135E1;6.450248E-5;4.552389E-5;6.031834E-7;446
2.979801E1;6.447763E-5;4.557427E-5;4.229061E-7;447
2.986468E1;6.447575E-5;4.557353E-5;3.608446E-7;448
2.993134E1;6.444112E-5;4.554294E-5;2.072210E-7;449
2.999800E1;6.447633E-5;4.554591E-5;1.795501E-7;450
3.006466E1;6.446504E-5;4.554201E-5;5.303777E-7;451
3.013132E1;6.445200E-5;4.547952E-5;5.122554E-7;452
3.019799E1;6.451495E-5;4.549539E-5;3.819813E-7;453
3.026465E1;6.448871E-5;4.551481E-5;2.955259E-7;454
3.033131E1;6.450727E-5;4.553404E-5;8.143114E-7;455
3.039797E1;6.438015E-5;4.551390E-5;7.769383E-7;456
3.046464E1;6.440894E-5;4.550145E-5;6.865847E-7;457
3.053130E1;6.443820E-5;4.544312E-5;6.608899E-7;458
3.059796E1;6.449534E-5;4.548416E-5;4.553474E-7;459
3.066462E1;6.448898E-5;4.547639E-5;1.763300E-7;460
3.073128E1;6.447206E-5;4.548745E-5;6.942792E-7;461
3.079795E1;6.442109E-5;4.553931E-5;2.992141E-7;462
3.086461E1;6.450872E-5;4.550318E-5;8.785456E-7;463
3.093127E1;6.453039E-5;4.549719E-5;3.507159E-7;464
3.099793E1;6.449679E-5;4.545797E-5;2.206310E-7;465
3.106460E1;6.453413E-5;4.552637E-5;7.374489E-7;466
3.113126E1;6.445851E-5;4.554853E-5;8.159869E-7;467
3.119792E1;6.442558E-5;4.553362E-5;5.877859E-8;468
3.126458E1;6.445625E-5;4.554102E-5;9.757183E-7;469
3.133124E1;6.454679E-5;4.548638E-5;7.892843E-7;470
3.139791E1;6.456088E-5;4.552975E-5;4.259503E-7;471
3.146457E1;6.450451E-5;4.552430E-5;1.021070E-6;472
3.153123E1;6.442527E-5;4.554164E-5;6.651086E-7;473
3.159789E1;6.442259E-5;4.555823E-5;8.719596E-8;474
3.166456E1;6.441421E-5;4.554522E-5;2.758031E-7;475
3.173122E1;6.444940E-5;4.553306E-5;1.030075E-7;476
3.179788E1;6.442668E-5;4.555097E-5;4.150479E-7;477
3.186454E1;6.440197E-5;4.556157E-5;3.775807E-7;478
3.193120E1;6.438069E-5;4.553051E-5;1.219594E-7;479
3.199787E1;6.440525E-5;4.554564E-5;4.022235E-7;480
3.206453E1;6.442681E-5;4.555785E-5;2.479470E-7;481
3.213119E1;6.443825E-5;4.554744E-5;2.028862E-7;482
3.219785E1;6.441298E-5;4.558110E-5;2.680571E-7;483
3.226452E1;6.441478E-5;4.557438E-5;3.521991E-7;484
3.233118E1;6.441897E-5;4.553452E-5;1.733200E-7;485
3.239784E1;6.439589E-5;4.558770E-5;2.755743E-7;486
3.246450E1;6.439432E-5;4.550727E-5;3.912082E-7;487
3.253116E1;6.439984E-5;4.553569E-5;3.432129E-7;488
3.259783E1;6.439780E-5;4.555290E-5;2.347201E-7;489
3.266449E1;6.439104E-5;4.556572E-5;1.528064E-7;490
3.273115E1;6.441698E-5;4.555979E-5;1.644393E-7;491
3.279781E1;6.440721E-5;4.558053E-5;1.952047E-7;492
3.286448E1;6.443840E-5;4.557457E-5;2.815142E-7;493
3.293114E1;6.444474E-5;4.558096E-5;3.895583E-7;494
3.299780E1;6.443606E-5;4.552269E-5;9.749224E-7;495
3.306446E1;6.441276E-5;4.545497E-5;2.685096E-7;496
3.313112E1;6.441516E-5;4.549362E-5;4.627970E-7;497
3.319779E1;6.440780E-5;4.551648E-5;4.460995E-7;498
3.326445E1;6.444455E-5;4.554533E-5;1.930799E-7;499
3.333111E1;6.441736E-5;4.554038E-5;8.980286E-7;500
3.339777E1;6.432948E-5;4.557840E-5;6.210258E-7;501
3.346444E1;6.433875E-5;4.556636E-5;7.386417E-7;502
3.353110E1;6.442651E-5;4.556159E-5;7.256816E-7;503
3.359776E1;6.441795E-5;4.562193E-5;1.252923E-7;504
3.366442E1;6.443423E-5;4.554678E-5;8.895515E-7;505
3.373108E1;6.444071E-5;4.550554E-5;3.790756E-7;506
3.379775E1;6.439077E-5;4.552098E-5;7.701901E-7;507
3.386441E1;6.436805E-5;4.557810E-5;4.285247E-7;508
3.393107E1;6.444268E-5;4.554485E-5;9.861519E-7;509
3.399773E1;6.449692E-5;4.555203E-5;3.610435E-7;510
3.406440E1;6.448448E-5;4.552097E-5;6.095522E-7;511
3.413106E1;6.446736E-5;4.547633E-5;5.117456E-7;512
3.419772E1;6.453980E-5;4.548104E-5;1.669709E-7;513
3.426438E1;6.448916E-5;4.547182E-5;8.336153E-7;514
3.433104E1;6.446268E-5;4.556106E-5;9.379157E-7;515
3.439771E1;6.448948E-5;4.559687E-5;2.189753E-7;516
3.446437E1;6.448351E-5;4.558152E-5;2.395051E-7;517
3.453103E1;6.446062E-5;4.561054E-5;4.018115E-8;518
3.459769E1;6.448813E-5;4.557881E-5;9.817794E-7;519
3.466436E1;6.452433E-5;4.549620E-5;6.958622E-7;520
3.473102E1;6.448770E-5;4.548604E-5;2.720914E-7;521
3.479768E1;6.451315E-5;4.553071E-5;2.226334E-7;522
3.486434E1;6.449644E-5;4.551440E-5;1.307112E-7;523
3.493100E1;6.450349E-5;4.551621E-5;7.661354E-8;524
3.499767E1;6.449416E-5;4.552436E-5;6.798649E-7;525
3.506433E1;6.452607E-5;4.542843E-5;4.620121E-7;526
3.513099E1;6.453159E-5;4.547543E-5;4.610620E-7;527
3.519765E1;6.449623E-5;4.548216E-5;3.670216E-7;528
3.526432E1;6.449393E-5;4.544419E-5;2.080367E-7;529
3.533098E1;6.448390E-5;4.545732E-5;3.326389E-7;530
3.539764E1;6.445247E-5;4.542844E-5;1.044911E-7;531
3.546430E1;6.449734E-5;4.545366E-5;1.900596E-7;532
3.553096E1;6.447239E-5;4.544410E-5;3.051221E-7;533
3.559763E1;6.447779E-5;4.548933E-5;4.935754E-7;534
3.566429E1;6.449126E-5;4.550714E-5;3.921122E-8;535
3.573095E1;6.447923E-5;4.548430E-5;1.814933E-7;536
3.579761E1;6.447195E-5;4.549256E-5;1.712444E-7;537
3.586428E1;6.449563E-5;4.546842E-5;2.076282E-7;538
3.593094E1;6.449962E-5;4.549356E-5;2.635386E-7;539
3.599760E1;6.449916E-5;4.550338E-5;3.578019E-7;540
3.606426E1;6.453247E-5;4.545897E-5;3.288345E-7;541
3.613092E1;6.453956E-5;4.548635E-5;4.793464E-7;542
3.619759E1;6.448287E-5;4.549928E-5;2.737092E-7;543
3.626425E1;6.450662E-5;4.550205E-5;2.507470E-7;544
3.633091E1;6.444982E-5;4.550426E-5;4.943808E-7;545
3.639757E1;6.444213E-5;4.548843E-5;4.076966E-7;546
3.646424E1;6.448971E-5;4.546735E-5;5.187657E-7;547
3.653090E1;6.450766E-5;4.546632E-5;3.858066E-7;548
3.659756E1;6.451251E-5;4.542124E-5;2.978492E-7;549
3.666422E1;6.448656E-5;4.543267E-5;3.534707E-7;550
3.673088E1;6.447333E-5;4.544743E-5;3.933799E-7;551
3.679755E1;6.443435E-5;4.542764E-5;1.081414E-7;552
3.686421E1;6.446095E-5;4.544003E-5;3.055400E-7;553
3.693087E1;6.446775E-5;4.545097E-5;2.678022E-7;554
3.699753E1;6.448254E-5;4.546847E-5;4.349211E-7;555
3.706420E1;6.452398E-5;4.543683E-5;2.791576E-7;556
3.713086E1;6.451631E-5;4.545284E-5;6.177904E-7;557
3.719752E1;6.451501E-5;4.551870E-5;8.157656E-7;558
3.726418E1;6.442773E-5;4.551594E-5;7.265218E-7;559
3.733084E1;6.442106E-5;4.554231E-5;1.756252E-7;560
3.739751E1;6.441204E-5;4.549856E-5;3.851298E-7;561
3.746417E1;6.445706E-5;4.550569E-5;7.585968E-7;562
3.753083E1;6.450674E-5;4.546305E-5;9.777360E-7;563
3.759749E1;6.457718E-5;4.545506E-5;5.998018E-7;564
3.766416E1;6.458631E-5;4.545505E-5;3.465323E-7;565
3.773082E1;6.462230E-5;4.544511E-5;4.568035E-7;566
3.779748E1;6.464453E-5;4.543718E-5;7.458935E-7;567
3.786414E1;6.455314E-5;4.551657E-5;6.749281E-7;568
3.793080E1;6.455511E-5;4.542713E-5;3.658233E-7;569
3.799747E1;6.452233E-5;4.547875E-5;4.105804E-7;570
3.806413E1;6.454124E-5;4.548008E-5;2.743443E-7;571
3.813079E1;6.455094E-5;4.545597E-5;2.685335E-7;572
3.819745E1;6.456837E-5;4.545673E-5;3.806581E-7;573
3.826412E1;6.451773E-5;4.549434E-5;6.137266E-7;574
3.833078E1;6.448926E-5;4.547762E-5;2.572511E-7;575
3.839744E1;6.452240E-5;4.546036E-5;2.207638E-7;576
3.846410E1;6.450100E-5;4.550461E-5;4.089059E-8;577
3.853076E1;6.452781E-5;4.546107E-5;1.907435E-7;578
3.859743E1;6.447755E-5;4.551445E-5;4.769062E-7;579
3.866409E1;6.446540E-5;4.544892E-5;4.930637E-7;580
3.873075E1;6.441772E-5;4.548721E-5;2.211184E-7;581
3.879741E1;6.447684E-5;4.547609E-5;8.515757E-7;582
3.886408E1;6.448220E-5;4.539376E-5;3.412021E-7;583
3.893074E1;6.448281E-5;4.543099E-5;4.840830E-7;584
3.899740E1;6.454479E-5;4.540951E-5;3.350830E-7;585
3.906406E1;6.452537E-5;4.544457E-5;5.841782E-7;586
3.913072E1;6.455718E-5;4.548640E-5;3.994899E-7;587
3.919739E1;6.449423E-5;4.548778E-5;7.903260E-7;588
3.926405E1;6.446086E-5;4.544366E-5;1.103119E-7;589
3.933071E1;6.448512E-5;4.547623E-5;3.767401E-7;590
3.939737E1;6.450953E-5;4.545610E-5;4.205223E-7;591
3.946404E1;6.453944E-5;4.549013E-5;4.702694E-7;592
3.953070E1;6.456963E-5;4.547394E-5;3.746670E-7;593
3.959736E1;6.456921E-5;4.545002E-5;2.011340E-7;594
3.966402E1;6.454295E-5;4.547123E-5;4.300530E-7;595
3.973068E1;6.452372E-5;4.548492E-5;1.101608E-7;596
3.979735E1;6.454124E-5;4.545664E-5;5.249618E-7;597
3.986401E1;6.458531E-5;4.545167E-5;6.607483E-7;598
3.993067E1;6.462934E-5;4.545682E-5;4.092409E-7;599
3.999733E1;6.460610E-5;4.540123E-5;7.101892E-7;600
4.006400E1;6.455051E-5;4.540437E-5;4.634830E-7;601
4.013066E1;6.454702E-5;4.541935E-5;4.288214E-7;602
4.019732E1;6.453937E-5;4.546044E-5;5.746818E-7;603
4.026398E1;6.453644E-5;4.549524E-5;3.821224E-7;604
4.033064E1;6.448855E-5;4.545681E-5;1.380311E-7;605
4.039731E1;6.452411E-5;4.548158E-5;1.972948E-7;606
4.046397E1;6.451485E-5;4.545734E-5;1.299115E-7;607
4.053063E1;6.450731E-5;4.548581E-5;2.507340E-7;608
4.059729E1;6.453182E-5;4.548614E-5;3.879375E-7;609
4.066396E1;6.451363E-5;4.543448E-5;1.726618E-7;610
4.073062E1;6.451645E-5;4.546900E-5;6.973514E-7;611
4.079728E1;6.460085E-5;4.546668E-5;6.256719E-7;612
4.086394E1;6.459549E-5;4.549566E-5;3.945628E-7;613
4.093060E1;6.454937E-5;4.545585E-5;7.147445E-7;614
4.099727E1;6.450021E-5;4.549466E-5;3.056410E-7;615
4.106393E1;6.450864E-5;4.545460E-5;7.126214E-7;616
4.113059E1;6.458444E-5;4.545071E-5;1.192585E-6;617
4.119725E1;6.466614E-5;4.547639E-5;5.406799E-7;618
4.126392E1;6.465574E-5;4.546131E-5;1.068939E-6;619
4.133058E1;6.453702E-5;4.541606E-5;1.069913E-6;620
4.139724E1;6.451447E-5;4.544151E-5;1.695750E-7;621
4.146390E1;6.454220E-5;4.539405E-5;3.838013E-7;622
4.153056E1;6.456225E-5;4.545984E-5;5.147304E-7;623
4.159723E1;6.460395E-5;4.542400E-5;4.938534E-7;624
4.166389E1;6.461534E-5;4.542091E-5;1.198288E-7;625
4.173055E1;6.458916E-5;4.543006E-5;6.239676E-7;626
4.179721E1;6.457564E-5;4.549401E-5;1.701192E-7;627
4.186388E1;6.457072E-5;4.544326E-5;8.539806E-7;628
4.193054E1;6.460804E-5;4.538486E-5;1.090432E-7;629
4.199720E1;6.456930E-5;4.542879E-5;5.666423E-7;630
4.206386E1;6.457042E-5;4.545038E-5;2.148374E-7;631
4.213052E1;6.455178E-5;4.545145E-5;2.521518E-7;632
4.219719E1;6.460104E-5;4.546426E-5;5.567762E-7;633
4.226385E1;6.462052E-5;4.547947E-5;3.238581E-7;634
4.233051E1;6.459002E-5;4.550600E-5;3.874581E-7;635
4.239717E1;6.459770E-5;4.552581E-5;1.054951E-7;636
4.246384E1;6.459234E-5;4.549213E-5;4.776258E-7;637
4.253050E1;6.463036E-5;4.547114E-5;6.169898E-7;638
4.259716E1;6.464847E-5;4.543199E-5;1.849564E-7;639
4.266382E1;6.460645E-5;4.546509E-5;4.782360E-7;640
4.273048E1;6.461781E-5;4.548790E-5;3.466144E-7;641
4.279715E1;6.459399E-5;4.542059E-5;4.323849E-7;642
4.286381E1;6.460493E-5;4.543171E-5;3.752838E-7;643
4.293047E1;6.464178E-5;4.540579E-5;4.253140E-7;644
4.299713E1;6.465773E-5;4.541103E-5;3.008889E-7;645
4.306380E1;6.467488E-5;4.542846E-5;3.057360E-7;646
4.313046E1;6.462873E-5;4.543967E-5;2.806353E-7;647
4.319712E1;6.469440E-5;4.546039E-5;1.677180E-7;648
4.326378E1;6.465079E-5;4.544330E-5;4.592231E-7;649
4.333044E1;6.464039E-5;4.548923E-5;8.210515E-7;650
4.339711E1;6.455480E-5;4.549593E-5;3.477763E-7;651
4.346377E1;6.460807E-5;4.545598E-5;3.660272E-7;652
4.353043E1;6.458412E-5;4.545692E-5;2.389450E-7;653
4.359709E1;6.457622E-5;4.545622E-5;4.076036E-7;654
4.366376E1;6.463429E-5;4.543602E-5;2.056406E-7;655
4.373042E1;6.460051E-5;4.544350E-5;4.231848E-8;656
4.379708E1;6.462940E-5;4.543321E-5;2.187846E-7;657
4.386374E1;6.458998E-5;4.547070E-5;3.263354E-7;658
4.393040E1;6.462791E-5;4.538973E-5;2.981817E-7;659
4.399707E1;6.460580E-5;4.543424E-5;6.481069E-7;660
4.406373E1;6.467566E-5;4.546174E-5;2.714188E-7;661
4.413039E1;6.464076E-5;4.542489E-5;2.417288E-7;662
4.419705E1;6.464398E-5;4.546765E-5;3.386222E-7;663
4.426372E1;6.468492E-5;4.541548E-5;7.532007E-7;664
4.433038E1;6.473486E-5;4.542494E-5;2.839718E-7;665
4.439704E1;6.471659E-5;4.543622E-5;5.965075E-7;666
4.446370E1;6.465747E-5;4.544325E-5;6.279702E-7;667
4.453036E1;6.463288E-5;4.543791E-5;4.403116E-7;668
4.459703E1;6.465679E-5;4.538455E-5;2.438473E-7;669
4.466369E1;6.460122E-5;4.543053E-5;7.753418E-7;670
4.473035E1;6.458669E-5;4.546052E-5;3.442638E-7;671
4.479701E1;6.461872E-5;4.538810E-5;3.148864E-7;672
4.486368E1;6.458715E-5;4.541854E-5;2.687886E-7;673
4.493034E1;6.460421E-5;4.542086E-5;4.729410E-7;674
4.499700E1;6.460311E-5;4.535754E-5;7.534148E-7;675
4.506366E1;6.451520E-5;4.537430E-5;6.578195E-7;676
4.513032E1;6.452153E-5;4.538974E-5;4.499171E-7;677
4.519699E1;6.457424E-5;4.536365E-5;6.174095E-7;678
4.526365E1;6.460178E-5;4.537141E-5;1.548197E-7;679
4.533031E1;6.457151E-5;4.534319E-5;5.625318E-7;680
4.539697E1;6.453651E-5;4.533447E-5;1.374249E-7;681
4.546364E1;6.455338E-5;4.534585E-5;3.982645E-7;682
4.553030E1;6.457987E-5;4.536513E-5;3.719117E-7;683
4.559696E1;6.455260E-5;4.539543E-5;5.343843E-7;684
4.566362E1;6.452341E-5;4.532168E-5;4.457972E-7;685
4.573028E1;6.449765E-5;4.537277E-5;6.269773E-7;686
4.579695E1;6.449778E-5;4.540124E-5;4.331356E-7;687
4.586361E1;6.454941E-5;4.539837E-5;4.879990E-7;688
4.593027E1;6.455185E-5;4.543744E-5;2.816490E-7;689
4.599693E1;6.457029E-5;4.542959E-5;1.355976E-7;690
4.606360E1;6.453410E-5;4.543398E-5;5.349313E-7;691
4.613026E1;6.461378E-5;4.537306E-5;4.932683E-7;692
4.619692E1;6.455061E-5;4.537032E-5;6.946941E-7;693
4.626358E1;6.461821E-5;4.546557E-5;8.054273E-7;694
4.633024E1;6.461371E-5;4.545721E-5;4.762250E-7;695
4.639691E1;6.456665E-5;4.542852E-5;8.678782E-7;696
4.646357E1;6.449819E-5;4.545051E-5;6.627538E-7;697
4.653023E1;6.450971E-5;4.549609E-5;8.405021E-7;698
4.659689E1;6.460938E-5;4.543653E-5;9.534750E-7;699
4.666356E1;6.461549E-5;4.542558E-5;1.900026E-8;700
4.673022E1;6.460998E-5;4.543407E-5;8.998798E-7;701
4.679688E1;6.452460E-5;4.550389E-5;5.038626E-7;702
4.686354E1;6.454363E-5;4.542357E-5;6.382569E-7;703
4.693020E1;6.455327E-5;4.542378E-5;7.035739E-8;704
4.699687E1;6.455075E-5;4.542968E-5;1.475646E-7;705
4.706353E1;6.456113E-5;4.540574E-5;2.525919E-7;706
4.713019E1;6.451995E-5;4.544330E-5;2.179368E-7;707
4.719685E1;6.453239E-5;4.540147E-5;1.360986E-7;708
4.726352E1;6.453211E-5;4.542983E-5;3.145197E-7;709
4.733018E1;6.452094E-5;4.544181E-5;5.063660E-7;710
4.739684E1;6.448155E-5;4.547457E-5;1.426201E-7;711
4.746350E1;6.450365E-5;4.544973E-5;5.409224E-7;712
4.753016E1;6.448225E-5;4.540246E-5;5.273508E-7;713
4.759683E1;6.454997E-5;4.539684E-5;3.011116E-7;714
4.766349E1;6.452008E-5;4.541590E-5;8.167163E-8;715
4.773015E1;6.454124E-5;4.539032E-5;2.539733E-7;716
4.779681E1;6.451415E-5;4.544924E-5;2.894082E-7;717
4.786348E1;6.451298E-5;4.541660E-5;1.444929E-7;718
4.793014E1;6.451138E-5;4.543017E-5;7.033809E-7;719
4.799680E1;6.457477E-5;4.548714E-5;4.724124E-7;720
4.806346E1;6.455454E-5;4.547605E-5;5.707046E-7;721
4.813012E1;6.451036E-5;4.544664E-5;4.174368E-7;722
4.819679E1;6.450836E-5;4.544498E-5;2.597772E-7;723
4.826345E1;6.454258E-5;4.545935E-5;3.879250E-7;724
4.833011E1;6.450774E-5;4.549669E-5;6.119691E-7;725
4.839677E1;6.446381E-5;4.548062E-5;4.812709E-7;726
4.846344E1;6.450300E-5;4.543270E-5;5.132303E-7;727
4.853010E1;6.451466E-5;4.543483E-5;6.867869E-7;728
4.859676E1;6.448948E-5;4.552326E-5;7.863550E-7;729
4.866342E1;6.459799E-5;4.549845E-5;9.362207E-7;730
4.873008E1;6.457314E-5;4.543063E-5;4.780199E-7;731
4.879675E1;6.457386E-5;4.543946E-5;2.171897E-7;732
4.886341E1;6.458623E-5;4.545646E-5;5.335007E-7;733
4.893007E1;6.462330E-5;4.549060E-5;2.771203E-7;734
4.899673E1;6.457670E-5;4.549215E-5;5.431849E-7;735
4.906340E1;6.464348E-5;4.542105E-5;2.430895E-7;736
4.913006E1;6.456808E-5;4.546091E-5;3.282619E-7;737
4.919672E1;6.460683E-5;4.544497E-5;2.984408E-7;738
4.926338E1;6.460074E-5;4.543819E-5;3.584008E-7;739
4.933004E1;6.461873E-5;4.539869E-5;1.038658E-7;740
4.939671E1;6.461044E-5;4.542830E-5;5.891919E-7;741
4.946337E1;6.458976E-5;4.547171E-5;1.183956E-7;742
4.953003E1;6.462545E-5;4.543320E-5;1.873297E-7;743
4.959669E1;6.461462E-5;4.546928E-5;2.397038E-7;744
4.966336E1;6.463524E-5;4.546363E-5;5.379904E-7;745
4.973002E1;6.465554E-5;4.541037E-5;1.080426E-6;746
4.979668E1;6.456385E-5;4.533851E-5;1.272618E-6;747
4.986334E1;6.448865E-5;4.537981E-5;3.164243E-7;748
4.993000E1;6.458608E-5;4.537437E-5;4.794701E-7;749
4.999667E1;6.455256E-5;4.537829E-5;6.347881E-7;750
5.006333E1;6.452495E-5;4.543290E-5;5.538855E-7;751
5.012999E1;6.458937E-5;4.544230E-5;8.240286E-7;752
5.019665E1;6.463481E-5;4.543263E-5;3.318949E-7;753
5.026332E1;6.463072E-5;4.545806E-5;3.013074E-7;754
5.032998E1;6.467456E-5;4.542679E-5;3.596940E-7;755
5.039664E1;6.458301E-5;4.546285E-5;6.294556E-7;756
5.046330E1;6.459076E-5;4.543146E-5;3.247765E-7;757
5.052996E1;6.462544E-5;4.545422E-5;3.801122E-7;758
5.059663E1;6.464142E-5;4.543282E-5;5.415489E-7;759
5.066329E1;6.459962E-5;4.538679E-5;4.874201E-7;760
5.072995E1;6.463309E-5;4.536837E-5;1.532293E-7;761
5.079661E1;6.460488E-5;4.536705E-5;5.658097E-7;762
5.086328E1;6.456015E-5;4.538763E-5;3.760110E-7;763
5.092994E1;6.457010E-5;4.533094E-5;4.331345E-7;764
5.099660E1;6.457315E-5;4.533136E-5;9.560708E-8;765
5.106326E1;6.456747E-5;4.531847E-5;6.991185E-7;766
5.112992E1;6.453943E-5;4.541826E-5;9.137474E-7;767
5.119659E1;6.457789E-5;4.543985E-5;3.156527E-7;768
5.126325E1;6.458151E-5;4.541871E-5;3.196243E-7;769
5.132991E1;6.461768E-5;4.542461E-5;3.162978E-7;770
5.139657E1;6.455799E-5;4.538371E-5;1.186953E-7;771
5.146324E1;6.460893E-5;4.541142E-5;8.518517E-7;772
5.152990E1;6.454551E-5;4.549660E-5;5.736787E-7;773
5.159656E1;6.454096E-5;4.544650E-5;7.808184E-7;774
5.166322E1;6.463343E-5;4.544085E-5;5.052843E-7;775
5.172988E1;6.460709E-5;4.543364E-5;7.667494E-7;776
5.179655E1;6.456807E-5;4.536225E-5;6.547018E-7;777
5.186321E1;6.456757E-5;4.535581E-5;7.330165E-7;778
5.192987E1;6.452935E-5;4.545198E-5;8.077561E-7;779
5.199653E1;6.455710E-5;4.546299E-5;6.819899E-7;780
5.206320E1;6.456304E-5;4.536752E-5;1.154899E-6;781
5.212986E1;6.463372E-5;4.532943E-5;9.422366E-8;782
5.219652E1;6.455767E-5;4.535616E-5;1.017979E-6;783
5.226318E1;6.449861E-5;4.534231E-5;3.441967E-7;784
5.232984E1;6.459660E-5;4.538046E-5;3.415511E-7;785
5.239651E1;6.454032E-5;4.532403E-5;2.435995E-7;786
5.246317E1;6.458076E-5;4.535211E-5;1.499157E-7;787
5.252983E1;6.453986E-5;4.534401E-5;5.008679E-7;788
5.259649E1;6.451409E-5;4.534840E-5;2.102741E-7;789
5.266316E1;6.454591E-5;4.537138E-5;2.994570E-7;790
5.272982E1;6.455401E-5;4.534882E-5;6.336489E-7;791
5.279648E1;6.461781E-5;4.532704E-5;2.459969E-7;792
5.286314E1;6.454024E-5;4.531905E-5;8.221170E-7;793
5.292980E1;6.450924E-5;4.534209E-5;6.509344E-7;794
5.299647E1;6.452347E-5;4.540420E-5;7.882843E-7;795
5.306313E1;6.447611E-5;4.544182E-5;1.033087E-7;796
5.312979E1;6.451265E-5;4.541272E-5;6.294318E-7;797
5.319645E1;6.455918E-5;4.542996E-5;2.686779E-7;798
5.326312E1;6.454052E-5;4.539022E-5;6.827887E-7;799
5.332978E1;6.454133E-5;4.534070E-5;4.765914E-7;800
5.339644E1;6.450912E-5;4.533498E-5;3.271086E-7;801
5.346310E1;6.450991E-5;4.531046E-5;4.602200E-7;802
5.352976E1;6.456215E-5;4.536584E-5;6.722029E-7;803
5.359643E1;6.457180E-5;4.537527E-5;3.441563E-7;804
5.366309E1;6.455752E-5;4.532020E-5;6.144947E-7;805
5.372975E1;6.451515E-5;4.531609E-5;6.284600E-7;806
5.379641E1;6.447438E-5;4.533064E-5;5.451588E-7;807
5.386308E1;6.447303E-5;4.537532E-5;6.042572E-7;808
5.392974E1;6.452971E-5;4.538920E-5;6.491344E-7;809
5.399640E1;6.455216E-5;4.534027E-5;1.529432E-7;810
5.406306E1;6.453909E-5;4.537110E-5;7.542782E-7;811
5.412972E1;6.448051E-5;4.541084E-5;4.011092E-7;812
5.419639E1;6.449436E-5;4.540042E-5;2.129476E-7;813
5.426305E1;6.445686E-5;4.542655E-5;1.936021E-7;814
5.432971E1;6.448158E-5;4.542284E-5;7.182129E-7;815
5.439637E1;6.455248E-5;4.542146E-5;1.261106E-7;816
5.446304E1;6.448442E-5;4.540627E-5;5.885783E-7;817
5.452970E1;6.448763E-5;4.546564E-5;4.379312E-7;818
5.459636E1;6.451746E-5;4.545441E-5;4.303060E-7;819
5.466302E1;6.452601E-5;4.542300E-5;4.379857E-7;820
5.472968E1;6.446010E-5;4.544346E-5;5.428300E-7;821
5.479635E1;6.448807E-5;4.548463E-5;9.693313E-7;822
5.486301E1;6.458806E-5;4.546154E-5;6.257176E-7;823
5.492967E1;6.457103E-5;4.549346E-5;7.029176E-8;824
5.499633E1;6.458226E-5;4.545418E-5;8.909412E-7;825
5.506300E1;6.454677E-5;4.537718E-5;6.360961E-7;826
5.512966E1;6.454169E-5;4.537970E-5;2.370749E-7;827
5.519632E1;6.452629E-5;4.535311E-5;2.164183E-7;828
5.526298E1;6.451290E-5;4.537788E-5;7.671119E-8;829
5.532964E1;6.451759E-5;4.535849E-5;5.776973E-8;830
5.539631E1;6.451724E-5;4.538424E-5;5.622553E-7;831
5.546297E1;6.458266E-5;4.539571E-5;5.778132E-7;832
5.552963E1;6.456004E-5;4.544829E-5;4.294604E-7;833
5.559629E1;6.456511E-5;4.545021E-5;5.701493E-7;834
5.566296E1;6.463576E-5;4.544159E-5;7.773345E-7;835
5.572962E1;6.465079E-5;4.539191E-5;3.625689E-7;836
5.579628E1;6.463212E-5;4.539339E-5;5.314327E-7;837
5.586294E1;6.462416E-5;4.545757E-5;3.052047E-7;838
5.592960E1;6.462745E-5;4.543381E-5;2.972034E-7;839
5.599627E1;6.460130E-5;4.542521E-5;6.425231E-7;840
5.606293E1;6.455998E-5;4.548660E-5;7.443173E-7;841
5.612959E1;6.450747E-5;4.545754E-5;1.642267E-7;842
5.619625E1;6.453900E-5;4.548034E-5;5.183581E-7;843
5.626292E1;6.455277E-5;4.540534E-5;4.023728E-7;844
5.632958E1;6.449719E-5;4.544673E-5;3.270022E-7;845
5.639624E1;6.453543E-5;4.544534E-5;2.308126E-7;846
5.646290E1;6.452661E-5;4.545574E-5;9.929467E-8;847
5.652956E1;6.453998E-5;4.543291E-5;4.861371E-7;848
5.659623E1;6.459136E-5;4.545274E-5;6.351547E-7;849
5.666289E1;6.462458E-5;4.542916E-5;5.263764E-7;850
5.672955E1;6.452181E-5;4.544332E-5;5.685075E-7;851
5.679621E1;6.455181E-5;4.545035E-5;6.731999E-8;852
5.686288E1;6.451284E-5;4.544364E-5;2.825768E-7;853
5.692954E1;6.451439E-5;4.544595E-5;2.951148E-7;854
5.699620E1;6.455141E-5;4.545141E-5;5.610486E-8;855
5.706286E1;6.451862E-5;4.543978E-5;3.157172E-7;856
5.712952E1;6.456336E-5;4.541105E-5;7.098588E-7;857
5.719619E1;6.454406E-5;4.534863E-5;4.088887E-7;858
5.726285E1;6.452698E-5;4.537046E-5;6.203174E-7;859
5.732951E1;6.452422E-5;4.542892E-5;9.798485E-7;860
5.739617E1;6.443171E-5;4.545984E-5;1.777148E-7;861
5.746284E1;6.450460E-5;4.541564E-5;8.017590E-7;862
5.752950E1;6.451723E-5;4.539571E-5;6.947554E-7;863
5.759616E1;6.458857E-5;4.537654E-5;6.141581E-7;864
5.766282E1;6.459491E-5;4.542162E-5;7.249354E-7;865
5.772948E1;6.454661E-5;4.546361E-5;6.882014E-7;866
5.779615E1;6.453904E-5;4.549441E-5;2.473866E-7;867
5.786281E1;6.451503E-5;4.545408E-5;5.986794E-7;868
5.792947E1;6.454355E-5;4.541472E-5;6.168222E-8;869
5.799613E1;6.451636E-5;4.544596E-5;2.448786E-7;870
5.806280E1;6.451121E-5;4.541918E-5;2.616609E-7;871
5.812946E1;6.455018E-5;4.543741E-5;4.567415E-7;872
5.819612E1;6.453591E-5;4.547484E-5;9.606914E-8;873
5.826278E1;6.453838E-5;4.543241E-5;2.789891E-7;874
5.832944E1;6.449872E-5;4.547416E-5;5.399286E-7;875
5.839611E1;6.447035E-5;4.545594E-5;2.023487E-7;876
5.846277E1;6.449309E-5;4.544778E-5;7.754680E-7;877
5.852943E1;6.456586E-5;4.549555E-5;8.313281E-7;878
5.859609E1;6.458195E-5;4.551404E-5;2.134906E-7;879
5.866276E1;6.457145E-5;4.546764E-5;3.963608E-7;880
5.872942E1;6.453071E-5;4.550112E-5;1.797397E-7;881
5.879608E1;6.456800E-5;4.544393E-5;4.759256E-7;882
5.886274E1;6.449269E-5;4.545031E-5;6.442355E-7;883
5.892940E1;6.448512E-5;4.546644E-5;1.378023E-7;884
5.899607E1;6.450321E-5;4.543525E-5;1.766409E-7;885
5.906273E1;6.449892E-5;4.544736E-5;5.318502E-7;886
5.912939E1;6.448676E-5;4.550422E-5;7.744339E-7;887
5.919605E1;6.457977E-5;4.551159E-5;4.476482E-7;888
5.926272E1;6.454627E-5;4.549976E-5;3.104182E-7;889
5.932938E1;6.454451E-5;4.548992E-5;3.263011E-7;890
5.939604E1;6.458207E-5;4.547505E-5;3.378304E-7;891
5.946270E1;6.454759E-5;4.544498E-5;8.852193E-8;892
5.952936E1;6.457308E-5;4.546740E-5;7.710583E-7;893
5.959603E1;6.465039E-5;4.544415E-5;7.595631E-7;894
5.966269E1;6.467123E-5;4.544246E-5;4.119490E-7;895
5.972935E1;6.459555E-5;4.544116E-5;2.760151E-7;896
5.979601E1;6.464037E-5;4.542240E-5;1.639570E-7;897
5.986268E1;6.461397E-5;4.545293E-5;1.142114E-6;898
5.992934E1;6.460023E-5;4.556929E-5;7.205473E-7;899
5.999600E1;6.458848E-5;4.554555E-5;6.545315E-7;900
6.006266E1;6.451306E-5;4.557341E-5;2.225028E-7;901
6.012932E1;6.459245E-5;4.551615E-5;9.737394E-7;902
6.019599E1;6.461089E-5;4.548807E-5;8.251375E-7;903
6.026265E1;6.464093E-5;4.541740E-5;8.793688E-7;904
6.032931E1;6.469926E-5;4.541103E-5;5.669188E-7;905
6.039597E1;6.458285E-5;4.546578E-5;6.855692E-7;906
6.046264E1;6.461735E-5;4.545158E-5;3.912108E-7;907
6.052930E1;6.463488E-5;4.546944E-5;3.278589E-7;908
6.059596E1;6.464771E-5;4.548302E-5;6.979109E-7;909
6.066262E1;6.457466E-5;4.554038E-5;3.935353E-7;910
6.072928E1;6.462162E-5;4.552854E-5;7.309388E-7;911
6.079595E1;6.465348E-5;4.548306E-5;4.758756E-7;912
6.086261E1;6.462293E-5;4.546511E-5;1.758307E-7;913
6.092927E1;6.464379E-5;4.546172E-5;2.379639E-7;914
6.099593E1;6.462127E-5;4.543342E-5;4.343105E-7;915
6.106260E1;6.463305E-5;4.540482E-5;4.702780E-7;916
6.112926E1;6.459402E-5;4.548990E-5;5.945868E-7;917
6.119592E1;6.459019E-5;4.547150E-5;2.702492E-7;918
6.126258E1;6.458327E-5;4.552428E-5;1.623424E-7;919
6.132924E1;6.460255E-5;4.548927E-5;4.100407E-7;920
6.139591E1;6.453187E-5;4.550567E-5;2.256136E-7;921
6.146257E1;6.457254E-5;4.548716E-5;9.189695E-7;922
6.152923E1;6.463958E-5;4.544728E-5;2.446454E-7;923
6.159589E1;6.454114E-5;4.547835E-5;1.115945E-6;924
6.166256E1;6.450525E-5;4.551125E-5;3.567055E-7;925
6.172922E1;6.455190E-5;4.552467E-5;7.200584E-7;926
6.179588E1;6.459892E-5;4.549022E-5;9.077119E-7;927
6.186254E1;6.463225E-5;4.543416E-5;3.131274E-7;928
6.192920E1;6.461840E-5;4.545329E-5;2.184962E-7;929
6.199587E1;6.460323E-5;4.543678E-5;2.989929E-7;930
6.206253E1;6.458013E-5;4.544213E-5;1.013269E-7;931
6.212919E1;6.461602E-5;4.544115E-5;5.751569E-7;932
6.219585E1;6.450346E-5;4.544357E-5;6.588473E-7;933
6.226252E1;6.454025E-5;4.548560E-5;5.631360E-7;934
6.232918E1;6.455349E-5;4.549955E-5;6.328293E-8;935
6.239584E1;6.453385E-5;4.549109E-5;2.196548E-7;936
6.246250E1;6.452427E-5;4.550147E-5;6.695506E-7;937
6.252916E1;6.461137E-5;4.544683E-5;6.492612E-7;938
6.259583E1;6.459711E-5;4.545471E-5;2.645383E-7;939
6.266249E1;6.457782E-5;4.545770E-5;4.798757E-7;940
6.272915E1;6.465996E-5;4.544271E-5;6.777076E-7;941
6.279581E1;6.463405E-5;4.538698E-5;6.271344E-7;942
6.286248E1;6.457653E-5;4.543714E-5;5.034451E-7;943
6.292914E1;6.458321E-5;4.543080E-5;2.767270E-7;944
6.299580E1;6.457689E-5;4.547404E-5;9.080871E-7;945
6.306246E1;6.450829E-5;4.552591E-5;5.341020E-7;946
6.312912E1;6.451784E-5;4.551383E-5;9.151390E-7;947
6.319579E1;6.456432E-5;4.541752E-5;7.059386E-7;948
6.326245E1;6.458998E-5;4.545339E-5;7.399407E-7;949
6.332911E1;6.465300E-5;4.546076E-5;1.590646E-7;950
6.339577E1;6.458398E-5;4.547373E-5;1.208004E-6;951
6.346244E1;6.449216E-5;4.545238E-5;6.192471E-7;952
6.352910E1;6.450152E-5;4.546970E-5;8.563286E-7;953
6.359576E1;6.459935E-5;4.541309E-5;8.194337E-7;954
6.366242E1;6.461029E-5;4.545949E-5;1.325259E-6;955
6.372908E1;6.458984E-5;4.558953E-5;5.458386E-7;956
6.379575E1;6.458098E-5;4.552610E-5;5.828586E-7;957
6.386241E1;6.460169E-5;4.551273E-5;7.907457E-7;958
6.392907E1;6.467542E-5;4.547925E-5;2.987142E-7;959
6.399573E1;6.463833E-5;4.552833E-5;8.468630E-7;960
6.406240E1;6.457105E-5;4.552230E-5;6.152233E-7;961
6.412906E1;6.455747E-5;4.554207E-5;4.646247E-7;962
6.419572E1;6.463299E-5;4.552216E-5;3.585520E-7;963
6.426238E1;6.460486E-5;4.554829E-5;2.543842E-7;964
6.432904E1;6.460159E-5;4.553498E-5;3.288677E-7;965
6.439571E1;6.463622E-5;4.557894E-5;2.265304E-7;966
6.446237E1;6.462971E-5;4.552396E-5;3.862272E-7;967
6.452903E1;6.465651E-5;4.553161E-5;2.386826E-7;968
6.459569E1;6.465384E-5;4.554470E-5;4.312448E-7;969
6.466236E1;6.462972E-5;4.558249E-5;1.035111E-7;970
6.472902E1;6.465506E-5;4.555845E-5;4.028097E-7;971
6.479568E1;6.467960E-5;4.556259E-5;3.697051E-7;972
6.486234E1;6.461625E-5;4.558884E-5;8.095387E-7;973
6.492900E1;6.457294E-5;4.557911E-5;3.036190E-7;974
6.499567E1;6.461999E-5;4.554853E-5;2.335806E-7;975
6.506233E1;6.460319E-5;4.558651E-5;5.218503E-7;976
6.512899E1;6.455845E-5;4.558099E-5;3.692623E-7;977
6.519565E1;6.458347E-5;4.554140E-5;3.228296E-7;978
6.526232E1;6.459361E-5;4.555616E-5;3.603312E-7;979
6.532898E1;6.453551E-5;4.554428E-5;4.008042E-7;980
6.539564E1;6.454048E-5;4.555039E-5;9.883431E-8;981
6.546230E1;6.453924E-5;4.555691E-5;5.490575E-8;982
6.552896E1;6.453720E-5;4.554385E-5;4.301410E-7;983
6.559563E1;6.453940E-5;4.549957E-5;1.042834E-6;984
6.566229E1;6.453440E-5;4.540484E-5;8.663016E-7;985
6.572895E1;6.459394E-5;4.560137E-5;1.543290E-6;986
6.579561E1;6.452465E-5;4.561037E-5;4.818891E-7;987
6.586228E1;6.453446E-5;4.562565E-5;4.729708E-7;988
6.592894E1;6.448273E-5;4.556326E-5;4.115836E-7;989
6.599560E1;6.448027E-5;4.561699E-5;1.639342E-7;990
6.606226E1;6.448038E-5;4.558499E-5;5.585510E-7;991
6.612892E1;6.452428E-5;4.555692E-5;3.679894E-7;992
6.619559E1;6.452895E-5;4.559193E-5;3.983045E-7;993
6.626225E1;6.448676E-5;4.559450E-5;3.796923E-7;994
6.632891E1;6.450228E-5;4.554890E-5;3.085250E-7;995
6.639557E1;6.452447E-5;4.561094E-5;3.138579E-7;996
6.646224E1;6.454327E-5;4.555732E-5;3.991008E-7;997
6.652890E1;6.456604E-5;4.557773E-5;6.090338E-8;998
6.659556E1;6.454035E-5;4.556490E-5;4.819728E-7;999
6.666222E1;6.451323E-5;4.561433E-5;2.062956E-7;1000
6.672888E1;6.456372E-5;4.557939E-5;4.916268E-7;1001
6.679555E1;6.452112E-5;4.567940E-5;5.128409E-7;1002
6.686221E1;6.459851E-5;4.563826E-5;9.720357E-7;1003
6.692887E1;6.463373E-5;4.561525E-5;1.285207E-7;1004
6.699553E1;6.461161E-5;4.562721E-5;7.036213E-7;1005
6.706220E1;6.454256E-5;4.563735E-5;4.824690E-7;1006
6.712886E1;6.454892E-5;4.564165E-5;9.174999E-8;1007
6.719552E1;6.455462E-5;4.563530E-5;1.227427E-7;1008
6.726218E1;6.453775E-5;4.565361E-5;3.218217E-7;1009
6.732884E1;6.454910E-5;4.567785E-5;2.163463E-7;1010
6.739551E1;6.453942E-5;4.568241E-5;4.494125E-7;1011
6.746217E1;6.449434E-5;4.570217E-5;3.761252E-7;1012
6.752883E1;6.449069E-5;4.569426E-5;4.490871E-7;1013
6.759549E1;6.447394E-5;4.564588E-5;4.049479E-7;1014
6.766216E1;6.448309E-5;4.564080E-5;7.399798E-7;1015
6.772882E1;6.456901E-5;4.567222E-5;1.013160E-6;1016
6.779548E1;6.460579E-5;4.569731E-5;3.694281E-7;1017
6.786214E1;6.460985E-5;4.569976E-5;9.687563E-7;1018
6.792880E1;6.447666E-5;4.570040E-5;8.221907E-7;1019
6.799547E1;6.450053E-5;4.569170E-5;4.605272E-7;1020
6.806213E1;6.453743E-5;4.569162E-5;1.592388E-7;1021
6.812879E1;6.448968E-5;4.567345E-5;1.041729E-7;1022
6.819545E1;6.452378E-5;4.569417E-5;3.169876E-7;1023
6.826212E1;6.448864E-5;4.571570E-5;1.632655E-7;1024
6.832878E1;6.453801E-5;4.567769E-5;3.714035E-7;1025
6.839544E1;6.450629E-5;4.566943E-5;3.073457E-7;1026
6.846210E1;6.450368E-5;4.570007E-5;2.564623E-7;1027
6.852876E1;6.451818E-5;4.570149E-5;1.768377E-7;1028
6.859543E1;6.449466E-5;4.572186E-5;1.360023E-7;1029
6.866209E1;6.450033E-5;4.569831E-5;4.919965E-7;1030
6.872875E1;6.455404E-5;4.569398E-5;4.671249E-7;1031
6.879541E1;6.456230E-5;4.569209E-5;2.393210E-7;1032
6.886208E1;6.456820E-5;4.566539E-5;1.914145E-7;1033
6.892874E1;6.456609E-5;4.566686E-5;2.724551E-7;1034
6.899540E1;6.456433E-5;4.570151E-5;6.800002E-7;1035
6.906206E1;6.449195E-5;4.571903E-5;6.512733E-7;1036
6.912872E1;6.448531E-5;4.573749E-5;2.085311E-7;1037
6.919539E1;6.451743E-5;4.573018E-5;5.370515E-7;1038
6.926205E1;6.454362E-5;4.569594E-5;2.131514E-7;1039
6.932871E1;6.453664E-5;4.570924E-5;2.760991E-7;1040
6.939537E1;6.451798E-5;4.572235E-5;3.263809E-8;1041
6.946204E1;6.453495E-5;4.570524E-5;2.537278E-7;1042
6.952870E1;6.453646E-5;4.569402E-5;5.038423E-7;1043
6.959536E1;6.459023E-5;4.574340E-5;4.908225E-7;1044
6.966202E1;6.459817E-5;4.571579E-5;5.703966E-7;1045
6.972868E1;6.465453E-5;4.570279E-5;1.839700E-7;1046
6.979535E1;6.460138E-5;4.574010E-5;4.214380E-7;1047
6.986201E1;6.464484E-5;4.575814E-5;3.589569E-7;1048
6.992867E1;6.459381E-5;4.578736E-5;2.858813E-7;1049
6.999533E1;6.460699E-5;4.576266E-5;6.942305E-7;1050
7.006200E1;6.461151E-5;4.569651E-5;5.895239E-7;1051
7.012866E1;6.463012E-5;4.568754E-5;5.527223E-7;1052
7.019532E1;6.459361E-5;4.562503E-5;8.628749E-7;1053
7.026198E1;6.465990E-5;4.557642E-5;4.493290E-7;1054
7.032864E1;6.459066E-5;4.556519E-5;4.430346E-7;1055
7.039531E1;6.461983E-5;4.561982E-5;8.603854E-7;1056
7.046197E1;6.455100E-5;4.567282E-5;9.623187E-7;1057
7.052863E1;6.449912E-5;4.566329E-5;7.633816E-7;1058
7.059529E1;6.448920E-5;4.575370E-5;4.230413E-7;1059
7.066196E1;6.453357E-5;4.570795E-5;1.031762E-6;1060
7.072862E1;6.460131E-5;4.567398E-5;4.196162E-7;1061
7.079528E1;6.455128E-5;4.565488E-5;5.791180E-7;1062
7.086194E1;6.452953E-5;4.564553E-5;2.291358E-7;1063
7.092860E1;6.452075E-5;4.565603E-5;4.800611E-7;1064
7.099527E1;6.453893E-5;4.570884E-5;4.282160E-7;1065
7.106193E1;6.446495E-5;4.566813E-5;1.745451E-7;1066
7.112859E1;6.454622E-5;4.568674E-5;4.555602E-7;1067
7.119525E1;6.452369E-5;4.565268E-5;1.594527E-7;1068
7.126192E1;6.452594E-5;4.568037E-5;4.133950E-7;1069
7.132858E1;6.457748E-5;4.566472E-5;7.310292E-7;1070
7.139524E1;6.458998E-5;4.575383E-5;7.340843E-7;1071
7.146190E1;6.460070E-5;4.575980E-5;2.248926E-7;1072
7.152856E1;6.456219E-5;4.574258E-5;;1073
