#multi:
;masa A;;masa B;;masa C;;masa D;;masa E;;
t;x;y;x;y;x;y;x;y;x;y;
0,000000E0;2,851353E-5;-4,546315E-5;2,695798E-5;-4,522835E-5;2,776510E-5;-4,533108E-5;2,782380E-5;-4,610885E-5;2,780913E-5;-4,468538E-5
6,666222E-2;2,854535E-5;-4,547938E-5;2,699291E-5;-4,523597E-5;2,779970E-5;-4,533812E-5;2,785199E-5;-4,611751E-5;2,784112E-5;-4,469730E-5
1,333244E-1;2,853502E-5;-4,548658E-5;2,698334E-5;-4,525009E-5;2,778836E-5;-4,534665E-5;2,784687E-5;-4,613203E-5;2,783277E-5;-4,471007E-5
1,999867E-1;2,853190E-5;-4,547226E-5;2,697576E-5;-4,523751E-5;2,778332E-5;-4,533458E-5;2,784095E-5;-4,611613E-5;2,782853E-5;-4,469395E-5
2,666489E-1;2,852114E-5;-4,545347E-5;2,696704E-5;-4,521075E-5;2,777380E-5;-4,531703E-5;2,783376E-5;-4,610061E-5;2,781913E-5;-4,467826E-5
3,333111E-1;2,850125E-5;-4,545673E-5;2,694636E-5;-4,521501E-5;2,775386E-5;-4,531959E-5;2,781430E-5;-4,610472E-5;2,780026E-5;-4,468290E-5
3,999733E-1;2,856138E-5;-4,549277E-5;2,701298E-5;-4,525456E-5;2,781770E-5;-4,535533E-5;2,786758E-5;-4,613313E-5;2,785537E-5;-4,471224E-5
4,666356E-1;2,849271E-5;-4,546650E-5;2,693723E-5;-4,522352E-5;2,774493E-5;-4,532687E-5;2,780582E-5;-4,611165E-5;2,779048E-5;-4,468961E-5
5,332978E-1;2,852150E-5;-4,545611E-5;2,697255E-5;-4,521712E-5;2,777227E-5;-4,532012E-5;2,783505E-5;-4,610047E-5;2,781947E-5;-4,467864E-5
5,999600E-1;2,852666E-5;-4,548964E-5;2,697565E-5;-4,524808E-5;2,777736E-5;-4,535045E-5;2,784049E-5;-4,613035E-5;2,782671E-5;-4,470864E-5
6,666222E-1;2,850437E-5;-4,546832E-5;2,695137E-5;-4,522794E-5;2,775519E-5;-4,533028E-5;2,782025E-5;-4,611214E-5;2,780604E-5;-4,469023E-5
7,332844E-1;2,850571E-5;-4,547458E-5;2,695266E-5;-4,523528E-5;2,775550E-5;-4,533631E-5;2,782040E-5;-4,611747E-5;2,780625E-5;-4,469676E-5
7,999467E-1;2,851487E-5;-4,546725E-5;2,696200E-5;-4,522496E-5;2,776546E-5;-4,532966E-5;2,782943E-5;-4,611126E-5;2,781443E-5;-4,468888E-5
8,666089E-1;2,853856E-5;-4,547494E-5;2,698423E-5;-4,524018E-5;2,779031E-5;-4,533758E-5;2,784872E-5;-4,612029E-5;2,783597E-5;-4,469812E-5
9,332711E-1;2,852344E-5;-4,547499E-5;2,696841E-5;-4,523512E-5;2,777454E-5;-4,533578E-5;2,783425E-5;-4,611671E-5;2,781942E-5;-4,469543E-5
9,999333E-1;2,854406E-5;-4,547083E-5;2,698543E-5;-4,523561E-5;2,779704E-5;-4,533904E-5;2,785450E-5;-4,611558E-5;2,784092E-5;-4,469351E-5
1,066596E0;2,852804E-5;-4,548962E-5;2,697116E-5;-4,525571E-5;2,777826E-5;-4,535341E-5;2,784074E-5;-4,613725E-5;2,782510E-5;-4,471253E-5
1,133258E0;2,849300E-5;-4,544026E-5;2,693689E-5;-4,519584E-5;2,774381E-5;-4,530070E-5;2,780593E-5;-4,608791E-5;2,779097E-5;-4,466557E-5
1,199920E0;2,852260E-5;-4,546728E-5;2,696946E-5;-4,522848E-5;2,777435E-5;-4,533023E-5;2,783129E-5;-4,611573E-5;2,781822E-5;-4,469457E-5
1,266582E0;2,852524E-5;-4,546042E-5;2,697011E-5;-4,522234E-5;2,777693E-5;-4,532505E-5;2,783508E-5;-4,610932E-5;2,781987E-5;-4,468616E-5
1,333244E0;2,850144E-5;-4,548809E-5;2,694645E-5;-4,525210E-5;2,775262E-5;-4,535451E-5;2,781604E-5;-4,613063E-5;2,780140E-5;-4,470974E-5
1,399907E0;2,849028E-5;-4,541998E-5;2,693238E-5;-4,517622E-5;2,774252E-5;-4,528090E-5;2,780763E-5;-4,606958E-5;2,779222E-5;-4,464551E-5
1,466569E0;2,847216E-5;-4,546902E-5;2,691927E-5;-4,522653E-5;2,772314E-5;-4,532986E-5;2,778453E-5;-4,611263E-5;2,776795E-5;-4,469122E-5
1,533231E0;2,850913E-5;-4,550309E-5;2,695506E-5;-4,526500E-5;2,776261E-5;-4,536850E-5;2,782080E-5;-4,614693E-5;2,780655E-5;-4,472517E-5
1,599893E0;2,850945E-5;-4,548609E-5;2,695568E-5;-4,524915E-5;2,776519E-5;-4,535227E-5;2,782292E-5;-4,613105E-5;2,780843E-5;-4,470886E-5
1,666556E0;2,850710E-5;-4,544470E-5;2,694735E-5;-4,521156E-5;2,775885E-5;-4,530862E-5;2,781866E-5;-4,609136E-5;2,780427E-5;-4,466955E-5
1,733218E0;2,849942E-5;-4,544462E-5;2,694067E-5;-4,520960E-5;2,775056E-5;-4,531046E-5;2,781342E-5;-4,608995E-5;2,779836E-5;-4,466702E-5
1,799880E0;2,850839E-5;-4,543753E-5;2,695313E-5;-4,519799E-5;2,775959E-5;-4,530087E-5;2,782363E-5;-4,608293E-5;2,780849E-5;-4,465954E-5
1,866542E0;2,854246E-5;-4,547369E-5;2,699010E-5;-4,523845E-5;2,779438E-5;-4,533855E-5;2,785089E-5;-4,611521E-5;2,783732E-5;-4,469369E-5
1,933204E0;2,869520E-5;-4,553290E-5;2,709626E-5;-4,526768E-5;2,790792E-5;-4,537575E-5;2,789487E-5;-4,613453E-5;2,790593E-5;-4,472724E-5
1,999867E0;2,856161E-5;-4,550101E-5;2,700357E-5;-4,525182E-5;2,780801E-5;-4,535420E-5;2,786732E-5;-4,613093E-5;2,785387E-5;-4,471013E-5
2,066529E0;2,854227E-5;-4,546665E-5;2,698561E-5;-4,523050E-5;2,779068E-5;-4,532999E-5;2,785147E-5;-4,610738E-5;2,783742E-5;-4,468607E-5
2,133191E0;2,853109E-5;-4,549311E-5;2,696834E-5;-4,524969E-5;2,777706E-5;-4,535171E-5;2,783614E-5;-4,612907E-5;2,782106E-5;-4,470692E-5
2,199853E0;2,850296E-5;-4,548563E-5;2,694086E-5;-4,524686E-5;2,775429E-5;-4,534789E-5;2,781571E-5;-4,612369E-5;2,780128E-5;-4,470173E-5
2,266516E0;2,853672E-5;-4,552050E-5;2,697557E-5;-4,528082E-5;2,778857E-5;-4,538701E-5;2,784777E-5;-4,615301E-5;2,783409E-5;-4,473255E-5
2,333178E0;2,851022E-5;-4,547678E-5;2,695289E-5;-4,523945E-5;2,776036E-5;-4,534355E-5;2,781869E-5;-4,612244E-5;2,780481E-5;-4,469937E-5
2,399840E0;2,851157E-5;-4,543252E-5;2,695217E-5;-4,519590E-5;2,776316E-5;-4,529889E-5;2,782311E-5;-4,607950E-5;2,781057E-5;-4,465392E-5
2,466502E0;2,849692E-5;-4,545619E-5;2,693473E-5;-4,521974E-5;2,775091E-5;-4,532437E-5;2,781239E-5;-4,610234E-5;2,779780E-5;-4,467971E-5
2,533164E0;2,847381E-5;-4,547803E-5;2,690186E-5;-4,524308E-5;2,772672E-5;-4,534431E-5;2,778469E-5;-4,612098E-5;2,776577E-5;-4,470216E-5
2,599827E0;2,851842E-5;-4,549929E-5;2,695883E-5;-4,526554E-5;2,777065E-5;-4,536975E-5;2,783067E-5;-4,613814E-5;2,781521E-5;-4,471847E-5
2,666489E0;2,853932E-5;-4,546879E-5;2,698085E-5;-4,522870E-5;2,779163E-5;-4,533208E-5;2,784818E-5;-4,611272E-5;2,783568E-5;-4,468973E-5
2,733151E0;2,855941E-5;-4,545130E-5;2,700316E-5;-4,521684E-5;2,781216E-5;-4,531750E-5;2,786693E-5;-4,609856E-5;2,785501E-5;-4,467451E-5
2,799813E0;2,855282E-5;-4,547169E-5;2,700104E-5;-4,523012E-5;2,780816E-5;-4,533398E-5;2,786385E-5;-4,611401E-5;2,785189E-5;-4,469153E-5
2,866476E0;2,851972E-5;-4,545627E-5;2,696266E-5;-4,521919E-5;2,777350E-5;-4,532230E-5;2,783089E-5;-4,610270E-5;2,781624E-5;-4,468001E-5
2,933138E0;2,853026E-5;-4,545696E-5;2,697651E-5;-4,521917E-5;2,778148E-5;-4,531827E-5;2,784587E-5;-4,610096E-5;2,783153E-5;-4,467912E-5
2,999800E0;2,848102E-5;-4,545465E-5;2,692777E-5;-4,521353E-5;2,773329E-5;-4,531882E-5;2,780221E-5;-4,610465E-5;2,778586E-5;-4,467973E-5
3,066462E0;2,849330E-5;-4,547324E-5;2,693847E-5;-4,523468E-5;2,774531E-5;-4,533823E-5;2,780420E-5;-4,611762E-5;2,778929E-5;-4,469551E-5
3,133124E0;2,852316E-5;-4,550640E-5;2,696719E-5;-4,527474E-5;2,777525E-5;-4,537200E-5;2,783163E-5;-4,614744E-5;2,781712E-5;-4,472573E-5
3,199787E0;2,851042E-5;-4,548952E-5;2,695453E-5;-4,525356E-5;2,776416E-5;-4,535503E-5;2,782420E-5;-4,613093E-5;2,780973E-5;-4,470851E-5
3,266449E0;2,852070E-5;-4,547685E-5;2,696510E-5;-4,523878E-5;2,777216E-5;-4,534074E-5;2,783059E-5;-4,612249E-5;2,781639E-5;-4,469922E-5
3,333111E0;2,852207E-5;-4,550877E-5;2,696862E-5;-4,527477E-5;2,777380E-5;-4,537240E-5;2,783080E-5;-4,614381E-5;2,781754E-5;-4,472333E-5
3,399773E0;2,852548E-5;-4,546454E-5;2,697255E-5;-4,522406E-5;2,777628E-5;-4,532427E-5;2,783623E-5;-4,610901E-5;2,782214E-5;-4,468545E-5
3,466436E0;2,854573E-5;-4,546653E-5;2,699117E-5;-4,523120E-5;2,779700E-5;-4,533638E-5;2,785312E-5;-4,611686E-5;2,783960E-5;-4,469290E-5
3,533098E0;2,850536E-5;-4,543179E-5;2,694935E-5;-4,519210E-5;2,775666E-5;-4,529833E-5;2,782097E-5;-4,608476E-5;2,780437E-5;-4,466164E-5
3,599760E0;2,849780E-5;-4,541287E-5;2,694016E-5;-4,517721E-5;2,774908E-5;-4,528419E-5;2,781147E-5;-4,606918E-5;2,779616E-5;-4,464534E-5
3,666422E0;2,849950E-5;-4,546289E-5;2,694410E-5;-4,522523E-5;2,775196E-5;-4,532866E-5;2,781221E-5;-4,610728E-5;2,779668E-5;-4,468501E-5
3,733084E0;2,850225E-5;-4,547902E-5;2,694772E-5;-4,524060E-5;2,775477E-5;-4,534540E-5;2,781425E-5;-4,612340E-5;2,779892E-5;-4,470080E-5
3,799747E0;2,856374E-5;-4,548700E-5;2,701027E-5;-4,524960E-5;2,781632E-5;-4,535363E-5;2,786651E-5;-4,612981E-5;2,785486E-5;-4,470796E-5
3,866409E0;2,852313E-5;-4,547545E-5;2,696756E-5;-4,523857E-5;2,777415E-5;-4,534233E-5;2,783601E-5;-4,611769E-5;2,782252E-5;-4,469616E-5
3,933071E0;2,851541E-5;-4,543956E-5;2,695773E-5;-4,520500E-5;2,776795E-5;-4,530567E-5;2,782856E-5;-4,609064E-5;2,781451E-5;-4,466591E-5
3,999733E0;2,849578E-5;-4,544482E-5;2,693764E-5;-4,520660E-5;2,774777E-5;-4,531278E-5;2,781149E-5;-4,609461E-5;2,779604E-5;-4,466921E-5
4,066396E0;2,853707E-5;-4,548696E-5;2,698198E-5;-4,524832E-5;2,779154E-5;-4,535254E-5;2,784955E-5;-4,612767E-5;2,783534E-5;-4,470741E-5
4,133058E0;2,852739E-5;-4,549737E-5;2,697278E-5;-4,525964E-5;2,777985E-5;-4,536243E-5;2,783930E-5;-4,613868E-5;2,782604E-5;-4,471697E-5
4,199720E0;2,851744E-5;-4,547970E-5;2,696309E-5;-4,524194E-5;2,776836E-5;-4,534182E-5;2,782996E-5;-4,612258E-5;2,781582E-5;-4,470076E-5
4,266382E0;2,854960E-5;-4,545389E-5;2,699117E-5;-4,522030E-5;2,780178E-5;-4,531894E-5;2,785672E-5;-4,610421E-5;2,784505E-5;-4,468212E-5
4,333044E0;2,854693E-5;-4,543356E-5;2,698923E-5;-4,518633E-5;2,779818E-5;-4,529677E-5;2,785409E-5;-4,608357E-5;2,784062E-5;-4,466043E-5
4,399707E0;2,848783E-5;-4,542094E-5;2,693262E-5;-4,518103E-5;2,773965E-5;-4,528896E-5;2,780461E-5;-4,607415E-5;2,778968E-5;-4,464966E-5
4,466369E0;2,848683E-5;-4,544506E-5;2,692964E-5;-4,520097E-5;2,774028E-5;-4,530626E-5;2,780148E-5;-4,609442E-5;2,778647E-5;-4,467038E-5
4,533031E0;2,833294E-5;-4,551009E-5;2,687636E-5;-4,524114E-5;2,758668E-5;-4,538840E-5;2,777252E-5;-4,611574E-5;2,775646E-5;-4,469382E-5
4,599693E0;2,845513E-5;-4,547308E-5;2,691037E-5;-4,523779E-5;2,770135E-5;-4,534246E-5;2,780339E-5;-4,612123E-5;2,778894E-5;-4,469904E-5
4,666356E0;2,850092E-5;-4,549488E-5;2,695474E-5;-4,526251E-5;2,772816E-5;-4,536743E-5;2,783488E-5;-4,613782E-5;2,781991E-5;-4,471680E-5
4,733018E0;2,850016E-5;-4,546396E-5;2,695093E-5;-4,522474E-5;2,773296E-5;-4,532709E-5;2,782705E-5;-4,610867E-5;2,781331E-5;-4,468554E-5
4,799680E0;2,851047E-5;-4,550462E-5;2,696273E-5;-4,526505E-5;2,775211E-5;-4,536866E-5;2,783235E-5;-4,614613E-5;2,781873E-5;-4,472530E-5
4,866342E0;2,852888E-5;-4,549544E-5;2,697514E-5;-4,525735E-5;2,777739E-5;-4,536038E-5;2,784361E-5;-4,613578E-5;2,783068E-5;-4,471501E-5
4,933004E0;2,850805E-5;-4,545840E-5;2,695585E-5;-4,522152E-5;2,775483E-5;-4,532486E-5;2,782420E-5;-4,610550E-5;2,780982E-5;-4,468255E-5
4,999667E0;2,852696E-5;-4,544779E-5;2,696814E-5;-4,521084E-5;2,777474E-5;-4,531113E-5;2,784076E-5;-4,609455E-5;2,782907E-5;-4,467214E-5
5,066329E0;2,855564E-5;-4,544783E-5;2,700277E-5;-4,520902E-5;2,780433E-5;-4,531198E-5;2,787050E-5;-4,609205E-5;2,786069E-5;-4,466712E-5
5,132991E0;2,852765E-5;-4,546134E-5;2,697500E-5;-4,522553E-5;2,777668E-5;-4,532956E-5;2,784338E-5;-4,610813E-5;2,782834E-5;-4,468479E-5
5,199653E0;2,852249E-5;-4,546297E-5;2,696600E-5;-4,522453E-5;2,777296E-5;-4,532778E-5;2,783560E-5;-4,610829E-5;2,782258E-5;-4,468596E-5
5,266316E0;2,853200E-5;-4,547904E-5;2,697287E-5;-4,524465E-5;2,778279E-5;-4,534751E-5;2,784044E-5;-4,612390E-5;2,782722E-5;-4,470134E-5
5,332978E0;2,847658E-5;-4,545020E-5;2,692128E-5;-4,520788E-5;2,772781E-5;-4,531426E-5;2,779394E-5;-4,609880E-5;2,777841E-5;-4,467506E-5
5,399640E0;2,851410E-5;-4,546593E-5;2,696081E-5;-4,522530E-5;2,776251E-5;-4,532508E-5;2,782820E-5;-4,611425E-5;2,781652E-5;-4,468900E-5
5,466302E0;2,852547E-5;-4,549272E-5;2,697193E-5;-4,525327E-5;2,777655E-5;-4,535686E-5;2,783457E-5;-4,613475E-5;2,782289E-5;-4,471424E-5
5,532964E0;2,848510E-5;-4,546063E-5;2,692740E-5;-4,521740E-5;2,773622E-5;-4,532367E-5;2,780217E-5;-4,610582E-5;2,778710E-5;-4,468372E-5
5,599627E0;2,853244E-5;-4,547667E-5;2,697763E-5;-4,523998E-5;2,778438E-5;-4,534445E-5;2,784430E-5;-4,612245E-5;2,782993E-5;-4,469955E-5
5,666289E0;2,848900E-5;-4,544653E-5;2,693549E-5;-4,520618E-5;2,773937E-5;-4,531011E-5;2,780666E-5;-4,609189E-5;2,779161E-5;-4,466907E-5
5,732951E0;2,850343E-5;-4,545194E-5;2,694438E-5;-4,521418E-5;2,775413E-5;-4,531634E-5;2,781611E-5;-4,609667E-5;2,780206E-5;-4,467283E-5
5,799613E0;2,855988E-5;-4,547921E-5;2,700800E-5;-4,524116E-5;2,781336E-5;-4,534509E-5;2,786485E-5;-4,612387E-5;2,785138E-5;-4,470126E-5
5,866276E0;2,851366E-5;-4,546484E-5;2,695615E-5;-4,522871E-5;2,776423E-5;-4,533192E-5;2,782491E-5;-4,611132E-5;2,781027E-5;-4,468936E-5
5,932938E0;2,854131E-5;-4,548027E-5;2,698279E-5;-4,524217E-5;2,779268E-5;-4,534710E-5;2,785064E-5;-4,612466E-5;2,783740E-5;-4,470184E-5
5,999600E0;2,851388E-5;-4,550002E-5;2,696279E-5;-4,525895E-5;2,776702E-5;-4,536272E-5;2,782811E-5;-4,614362E-5;2,781393E-5;-4,472149E-5
6,066262E0;2,848608E-5;-4,552977E-5;2,694401E-5;-4,528561E-5;2,774587E-5;-4,538833E-5;2,780813E-5;-4,616198E-5;2,779416E-5;-4,473951E-5
6,132924E0;2,850910E-5;-4,551730E-5;2,695403E-5;-4,524406E-5;2,776076E-5;-4,535150E-5;2,782316E-5;-4,612679E-5;2,780901E-5;-4,470661E-5
6,199587E0;2,848992E-5;-4,540935E-5;2,694442E-5;-4,513845E-5;2,774443E-5;-4,526350E-5;2,781026E-5;-4,605736E-5;2,779418E-5;-4,463059E-5
6,266249E0;2,848766E-5;-4,541077E-5;2,692641E-5;-4,510842E-5;2,773671E-5;-4,520796E-5;2,780189E-5;-4,606375E-5;2,778662E-5;-4,463929E-5
6,332911E0;2,852120E-5;-4,546384E-5;2,696179E-5;-4,517445E-5;2,776826E-5;-4,527790E-5;2,783198E-5;-4,610634E-5;2,781798E-5;-4,468399E-5
6,399573E0;2,850942E-5;-4,542659E-5;2,695651E-5;-4,512702E-5;2,776186E-5;-4,522791E-5;2,782273E-5;-4,607125E-5;2,780774E-5;-4,464788E-5
6,466236E0;2,854404E-5;-4,546113E-5;2,699876E-5;-4,516399E-5;2,780582E-5;-4,526770E-5;2,785309E-5;-4,610294E-5;2,783967E-5;-4,467968E-5
6,532898E0;2,850470E-5;-4,547623E-5;2,695066E-5;-4,516436E-5;2,775407E-5;-4,526869E-5;2,781814E-5;-4,611821E-5;2,780375E-5;-4,469545E-5
6,599560E0;2,853278E-5;-4,548193E-5;2,696878E-5;-4,517416E-5;2,778729E-5;-4,526802E-5;2,784038E-5;-4,612455E-5;2,782765E-5;-4,470183E-5
6,666222E0;2,850290E-5;-4,545103E-5;2,695143E-5;-4,513814E-5;2,775556E-5;-4,521609E-5;2,781653E-5;-4,609808E-5;2,780161E-5;-4,467518E-5
6,732884E0;2,847982E-5;-4,546718E-5;2,692495E-5;-4,514837E-5;2,773344E-5;-4,523360E-5;2,779258E-5;-4,611144E-5;2,777807E-5;-4,468847E-5
6,799547E0;2,851648E-5;-4,547138E-5;2,696438E-5;-4,514595E-5;2,776651E-5;-4,523583E-5;2,782850E-5;-4,611954E-5;2,781375E-5;-4,469568E-5
6,866209E0;2,853282E-5;-4,548457E-5;2,698231E-5;-4,515893E-5;2,778660E-5;-4,524848E-5;2,784364E-5;-4,612747E-5;2,782913E-5;-4,470528E-5
6,932871E0;2,852760E-5;-4,549403E-5;2,697498E-5;-4,516311E-5;2,777923E-5;-4,525642E-5;2,783773E-5;-4,614002E-5;2,782279E-5;-4,471700E-5
6,999533E0;2,853223E-5;-4,544247E-5;2,698042E-5;-4,509815E-5;2,778763E-5;-4,519727E-5;2,784318E-5;-4,608988E-5;2,782898E-5;-4,466598E-5
7,066196E0;2,856431E-5;-4,546312E-5;2,701248E-5;-4,511701E-5;2,782171E-5;-4,521575E-5;2,787002E-5;-4,610570E-5;2,785548E-5;-4,468422E-5
7,132858E0;2,849234E-5;-4,545946E-5;2,693900E-5;-4,511658E-5;2,774593E-5;-4,521786E-5;2,780692E-5;-4,610601E-5;2,779200E-5;-4,468151E-5
7,199520E0;2,845739E-5;-4,543668E-5;2,690203E-5;-4,508742E-5;2,770950E-5;-4,519147E-5;2,777320E-5;-4,608305E-5;2,775769E-5;-4,466043E-5
7,266182E0;2,849903E-5;-4,546445E-5;2,694879E-5;-4,511993E-5;2,774847E-5;-4,522200E-5;2,781502E-5;-4,611118E-5;2,779979E-5;-4,468895E-5
7,332844E0;2,848213E-5;-4,547623E-5;2,692113E-5;-4,512882E-5;2,773307E-5;-4,523021E-5;2,779394E-5;-4,612198E-5;2,777896E-5;-4,469897E-5
7,399507E0;2,851622E-5;-4,545657E-5;2,696162E-5;-4,511283E-5;2,776767E-5;-4,521618E-5;2,782904E-5;-4,610126E-5;2,781522E-5;-4,467826E-5
7,466169E0;2,854445E-5;-4,547337E-5;2,699016E-5;-4,512297E-5;2,779834E-5;-4,522507E-5;2,785591E-5;-4,611474E-5;2,784283E-5;-4,469155E-5
7,532831E0;2,854384E-5;-4,548432E-5;2,699079E-5;-4,513727E-5;2,779492E-5;-4,523926E-5;2,785603E-5;-4,612844E-5;2,784180E-5;-4,470489E-5
7,599493E0;2,851909E-5;-4,545093E-5;2,696628E-5;-4,510309E-5;2,777433E-5;-4,520488E-5;2,783210E-5;-4,609593E-5;2,781805E-5;-4,467405E-5
7,666156E0;2,852409E-5;-4,546666E-5;2,696930E-5;-4,511774E-5;2,777385E-5;-4,522139E-5;2,783659E-5;-4,611047E-5;2,782239E-5;-4,468772E-5
7,732818E0;2,847945E-5;-4,546867E-5;2,692453E-5;-4,512507E-5;2,772960E-5;-4,522632E-5;2,779601E-5;-4,611403E-5;2,777990E-5;-4,469143E-5
7,799480E0;2,848416E-5;-4,546220E-5;2,692786E-5;-4,511583E-5;2,773393E-5;-4,521719E-5;2,779890E-5;-4,611128E-5;2,778396E-5;-4,468868E-5
7,866142E0;2,850671E-5;-4,549498E-5;2,694962E-5;-4,514918E-5;2,775524E-5;-4,525316E-5;2,781931E-5;-4,613902E-5;2,780552E-5;-4,471740E-5
7,932804E0;2,852751E-5;-4,548211E-5;2,697319E-5;-4,513170E-5;2,777866E-5;-4,523507E-5;2,783718E-5;-4,612541E-5;2,782442E-5;-4,470366E-5
7,999467E0;2,854233E-5;-4,548478E-5;2,699047E-5;-4,514409E-5;2,779468E-5;-4,523866E-5;2,785263E-5;-4,612340E-5;2,783936E-5;-4,470401E-5
8,066129E0;2,850970E-5;-4,544795E-5;2,695694E-5;-4,510041E-5;2,776244E-5;-4,520200E-5;2,782390E-5;-4,609399E-5;2,781029E-5;-4,466990E-5
8,132791E0;2,851057E-5;-4,544259E-5;2,695457E-5;-4,509420E-5;2,776529E-5;-4,519620E-5;2,782207E-5;-4,608876E-5;2,780934E-5;-4,466498E-5
8,199453E0;2,852361E-5;-4,546666E-5;2,696997E-5;-4,511400E-5;2,777561E-5;-4,522096E-5;2,783539E-5;-4,611070E-5;2,782136E-5;-4,468732E-5
8,266116E0;2,849767E-5;-4,546535E-5;2,694515E-5;-4,511746E-5;2,775074E-5;-4,522011E-5;2,781126E-5;-4,611277E-5;2,779701E-5;-4,468882E-5
8,332778E0;2,850940E-5;-4,547303E-5;2,695642E-5;-4,512434E-5;2,776240E-5;-4,522969E-5;2,782203E-5;-4,611647E-5;2,780845E-5;-4,469462E-5
8,399440E0;2,850031E-5;-4,545613E-5;2,694358E-5;-4,510484E-5;2,775113E-5;-4,520925E-5;2,780965E-5;-4,610054E-5;2,779401E-5;-4,467731E-5
8,466102E0;2,854478E-5;-4,544029E-5;2,698758E-5;-4,508815E-5;2,779716E-5;-4,519096E-5;2,785178E-5;-4,608995E-5;2,783923E-5;-4,466438E-5
8,532764E0;2,855989E-5;-4,548654E-5;2,699493E-5;-4,513357E-5;2,781009E-5;-4,523586E-5;2,786568E-5;-4,612386E-5;2,785180E-5;-4,470131E-5
8,599427E0;2,849604E-5;-4,547654E-5;2,693985E-5;-4,513576E-5;2,774514E-5;-4,523507E-5;2,781058E-5;-4,612070E-5;2,779700E-5;-4,469715E-5
8,666089E0;2,848674E-5;-4,547544E-5;2,693277E-5;-4,513036E-5;2,773699E-5;-4,523410E-5;2,780208E-5;-4,611940E-5;2,778597E-5;-4,469569E-5
8,732751E0;2,850746E-5;-4,547422E-5;2,695082E-5;-4,513249E-5;2,775797E-5;-4,523589E-5;2,781792E-5;-4,612381E-5;2,780365E-5;-4,470196E-5
8,799413E0;2,850349E-5;-4,550168E-5;2,694834E-5;-4,515351E-5;2,775232E-5;-4,525842E-5;2,781354E-5;-4,614353E-5;2,780008E-5;-4,472187E-5
8,866076E0;2,851439E-5;-4,546290E-5;2,695906E-5;-4,511173E-5;2,776504E-5;-4,521733E-5;2,782488E-5;-4,610597E-5;2,781146E-5;-4,468368E-5
8,932738E0;2,848484E-5;-4,544085E-5;2,692982E-5;-4,509345E-5;2,773782E-5;-4,519667E-5;2,779855E-5;-4,608991E-5;2,778331E-5;-4,466591E-5
8,999400E0;2,850425E-5;-4,548609E-5;2,694827E-5;-4,514135E-5;2,775461E-5;-4,524326E-5;2,781480E-5;-4,613053E-5;2,780101E-5;-4,470844E-5
9,066062E0;2,851115E-5;-4,548206E-5;2,695505E-5;-4,514239E-5;2,776181E-5;-4,524026E-5;2,782343E-5;-4,612335E-5;2,780908E-5;-4,470263E-5
9,132724E0;2,848923E-5;-4,545878E-5;2,693305E-5;-4,511102E-5;2,773759E-5;-4,521448E-5;2,779951E-5;-4,610598E-5;2,778548E-5;-4,468383E-5
9,199387E0;2,851080E-5;-4,548026E-5;2,695716E-5;-4,513724E-5;2,776252E-5;-4,523684E-5;2,782209E-5;-4,612096E-5;2,780834E-5;-4,469881E-5
9,266049E0;2,851917E-5;-4,547049E-5;2,696338E-5;-4,512112E-5;2,776821E-5;-4,522616E-5;2,783082E-5;-4,611125E-5;2,781755E-5;-4,468912E-5
9,332711E0;2,850170E-5;-4,544910E-5;2,694596E-5;-4,510188E-5;2,775319E-5;-4,520511E-5;2,781234E-5;-4,609408E-5;2,779862E-5;-4,467045E-5
9,399373E0;2,848657E-5;-4,544262E-5;2,693126E-5;-4,509541E-5;2,773633E-5;-4,519607E-5;2,779939E-5;-4,609038E-5;2,778471E-5;-4,466690E-5
9,466036E0;2,849934E-5;-4,546748E-5;2,694157E-5;-4,512391E-5;2,774819E-5;-4,522645E-5;2,780983E-5;-4,611643E-5;2,779537E-5;-4,469261E-5
9,532698E0;2,850239E-5;-4,546714E-5;2,694766E-5;-4,512553E-5;2,775559E-5;-4,522703E-5;2,781224E-5;-4,611203E-5;2,779746E-5;-4,469056E-5
9,599360E0;2,846843E-5;-4,545191E-5;2,691076E-5;-4,510797E-5;2,771686E-5;-4,520933E-5;2,778496E-5;-4,610003E-5;2,776906E-5;-4,467877E-5
9,666022E0;2,850243E-5;-4,544300E-5;2,694830E-5;-4,509256E-5;2,775493E-5;-4,519876E-5;2,781394E-5;-4,608782E-5;2,779958E-5;-4,466485E-5
9,732684E0;2,854104E-5;-4,544146E-5;2,698717E-5;-4,508853E-5;2,779607E-5;-4,519184E-5;2,784774E-5;-4,608718E-5;2,783474E-5;-4,466472E-5
9,799347E0;2,852240E-5;-4,543440E-5;2,696671E-5;-4,508474E-5;2,777415E-5;-4,518793E-5;2,783306E-5;-4,608117E-5;2,781896E-5;-4,465694E-5
9,866009E0;2,850283E-5;-4,545413E-5;2,694927E-5;-4,510585E-5;2,775562E-5;-4,520881E-5;2,781239E-5;-4,609975E-5;2,780037E-5;-4,467637E-5
9,932671E0;2,847948E-5;-4,547324E-5;2,692157E-5;-4,512735E-5;2,772661E-5;-4,522841E-5;2,778842E-5;-4,611527E-5;2,777448E-5;-4,469115E-5
9,999333E0;2,848946E-5;-4,544626E-5;2,693026E-5;-4,509777E-5;2,773845E-5;-4,520345E-5;2,780120E-5;-4,609145E-5;2,778732E-5;-4,466901E-5
1,006600E1;2,849300E-5;-4,546086E-5;2,693784E-5;-4,511352E-5;2,774547E-5;-4,521365E-5;2,780929E-5;-4,610457E-5;2,779411E-5;-4,468174E-5
1,013266E1;2,850104E-5;-4,545882E-5;2,694510E-5;-4,511091E-5;2,775234E-5;-4,521308E-5;2,781022E-5;-4,610211E-5;2,779500E-5;-4,467972E-5
1,019932E1;2,851042E-5;-4,549285E-5;2,695596E-5;-4,514851E-5;2,776185E-5;-4,525186E-5;2,782141E-5;-4,613409E-5;2,780722E-5;-4,471172E-5
1,026598E1;2,849231E-5;-4,546492E-5;2,693922E-5;-4,512349E-5;2,774407E-5;-4,522171E-5;2,780426E-5;-4,610795E-5;2,778925E-5;-4,468769E-5
1,033264E1;2,852136E-5;-4,548398E-5;2,696938E-5;-4,514266E-5;2,777419E-5;-4,524218E-5;2,783174E-5;-4,612555E-5;2,781811E-5;-4,470340E-5
1,039931E1;2,849161E-5;-4,548743E-5;2,693205E-5;-4,514551E-5;2,774441E-5;-4,524735E-5;2,780391E-5;-4,612917E-5;2,778966E-5;-4,470739E-5
1,046597E1;2,850409E-5;-4,546856E-5;2,694328E-5;-4,512298E-5;2,775200E-5;-4,522574E-5;2,781371E-5;-4,611381E-5;2,779971E-5;-4,469175E-5
1,053263E1;2,851100E-5;-4,547153E-5;2,695430E-5;-4,512365E-5;2,776072E-5;-4,522690E-5;2,781944E-5;-4,611775E-5;2,780646E-5;-4,469618E-5
1,059929E1;2,854241E-5;-4,547814E-5;2,699031E-5;-4,513681E-5;2,779612E-5;-4,523564E-5;2,784963E-5;-4,612048E-5;2,783616E-5;-4,469842E-5
1,066596E1;2,853427E-5;-4,548487E-5;2,698200E-5;-4,513958E-5;2,778801E-5;-4,523990E-5;2,784150E-5;-4,612811E-5;2,782864E-5;-4,470750E-5
1,073262E1;2,848838E-5;-4,542641E-5;2,693195E-5;-4,507677E-5;2,774007E-5;-4,517827E-5;2,780107E-5;-4,607025E-5;2,778494E-5;-4,464964E-5
1,079928E1;2,848654E-5;-4,545923E-5;2,692440E-5;-4,511292E-5;2,773460E-5;-4,521624E-5;2,779806E-5;-4,610685E-5;2,778354E-5;-4,468297E-5
1,086594E1;2,849704E-5;-4,546988E-5;2,694034E-5;-4,512256E-5;2,775023E-5;-4,522397E-5;2,781119E-5;-4,611128E-5;2,779641E-5;-4,468969E-5
1,093260E1;2,849116E-5;-4,544727E-5;2,693642E-5;-4,509708E-5;2,774423E-5;-4,519891E-5;2,780190E-5;-4,609547E-5;2,778709E-5;-4,467271E-5
1,099927E1;2,849522E-5;-4,545480E-5;2,693796E-5;-4,510511E-5;2,774585E-5;-4,520869E-5;2,780431E-5;-4,610340E-5;2,778936E-5;-4,468013E-5
1,106593E1;2,850971E-5;-4,547949E-5;2,695539E-5;-4,513540E-5;2,776309E-5;-4,523627E-5;2,781871E-5;-4,612288E-5;2,780434E-5;-4,469931E-5
1,113259E1;2,850218E-5;-4,547168E-5;2,694721E-5;-4,512512E-5;2,775349E-5;-4,522760E-5;2,781169E-5;-4,611594E-5;2,779647E-5;-4,469343E-5
1,119925E1;2,848051E-5;-4,545476E-5;2,692185E-5;-4,510542E-5;2,773179E-5;-4,520758E-5;2,779229E-5;-4,609875E-5;2,777734E-5;-4,467587E-5
1,126592E1;2,851011E-5;-4,547273E-5;2,695560E-5;-4,512545E-5;2,776334E-5;-4,522806E-5;2,782226E-5;-4,611473E-5;2,780529E-5;-4,469301E-5
1,133258E1;2,851216E-5;-4,546990E-5;2,695433E-5;-4,512409E-5;2,776286E-5;-4,522533E-5;2,782218E-5;-4,611472E-5;2,780827E-5;-4,469223E-5
1,139924E1;2,850141E-5;-4,545693E-5;2,694402E-5;-4,510554E-5;2,775446E-5;-4,520734E-5;2,780915E-5;-4,610279E-5;2,779481E-5;-4,467933E-5
1,146590E1;2,849450E-5;-4,544155E-5;2,693604E-5;-4,509228E-5;2,774696E-5;-4,519685E-5;2,780642E-5;-4,608622E-5;2,779256E-5;-4,466312E-5
1,153256E1;2,848466E-5;-4,545934E-5;2,692428E-5;-4,511109E-5;2,773644E-5;-4,521351E-5;2,779607E-5;-4,610567E-5;2,778086E-5;-4,468280E-5
1,159923E1;2,848902E-5;-4,547352E-5;2,693367E-5;-4,512302E-5;2,774255E-5;-4,522440E-5;2,780234E-5;-4,612107E-5;2,778729E-5;-4,469818E-5
1,166589E1;2,855030E-5;-4,546828E-5;2,699750E-5;-4,512181E-5;2,780180E-5;-4,522291E-5;2,785490E-5;-4,611349E-5;2,784060E-5;-4,469138E-5
1,173255E1;2,856770E-5;-4,545066E-5;2,705429E-5;-4,509020E-5;2,782233E-5;-4,520351E-5;2,787279E-5;-4,609675E-5;2,785971E-5;-4,467329E-5
1,179921E1;2,856667E-5;-4,545357E-5;2,711630E-5;-4,509202E-5;2,783242E-5;-4,519503E-5;2,787629E-5;-4,610040E-5;2,786170E-5;-4,467715E-5
1,186588E1;2,857726E-5;-4,543491E-5;2,713393E-5;-4,508970E-5;2,792777E-5;-4,519276E-5;2,787655E-5;-4,608580E-5;2,786444E-5;-4,466312E-5
1,193254E1;2,859354E-5;-4,544763E-5;2,709677E-5;-4,510660E-5;2,789343E-5;-4,520815E-5;2,785057E-5;-4,610495E-5;2,783629E-5;-4,468052E-5
1,199920E1;2,861217E-5;-4,545364E-5;2,709092E-5;-4,510715E-5;2,788434E-5;-4,521134E-5;2,784843E-5;-4,610188E-5;2,783462E-5;-4,467679E-5
1,206586E1;2,863242E-5;-4,547404E-5;2,709395E-5;-4,512817E-5;2,789274E-5;-4,523178E-5;2,785146E-5;-4,611659E-5;2,783691E-5;-4,469287E-5
1,213252E1;2,862002E-5;-4,545674E-5;2,707921E-5;-4,511381E-5;2,788159E-5;-4,521540E-5;2,783546E-5;-4,610309E-5;2,782192E-5;-4,468115E-5
1,219919E1;2,863150E-5;-4,546607E-5;2,708370E-5;-4,512336E-5;2,788841E-5;-4,522044E-5;2,784307E-5;-4,611417E-5;2,782787E-5;-4,469070E-5
1,226585E1;2,862539E-5;-4,542569E-5;2,707687E-5;-4,507785E-5;2,788383E-5;-4,517659E-5;2,783478E-5;-4,607893E-5;2,781947E-5;-4,465403E-5
1,233251E1;2,861878E-5;-4,542950E-5;2,707089E-5;-4,507726E-5;2,788245E-5;-4,518103E-5;2,782993E-5;-4,607956E-5;2,781387E-5;-4,465596E-5
1,239917E1;2,861179E-5;-4,544448E-5;2,706315E-5;-4,509197E-5;2,786960E-5;-4,519296E-5;2,782187E-5;-4,609302E-5;2,780699E-5;-4,466924E-5
1,246584E1;2,861140E-5;-4,544003E-5;2,706288E-5;-4,508805E-5;2,786680E-5;-4,519170E-5;2,781982E-5;-4,608928E-5;2,780556E-5;-4,466562E-5
1,253250E1;2,859953E-5;-4,544165E-5;2,704910E-5;-4,508547E-5;2,785234E-5;-4,518849E-5;2,780526E-5;-4,608995E-5;2,779087E-5;-4,466518E-5
1,259916E1;2,861828E-5;-4,546200E-5;2,706981E-5;-4,511264E-5;2,787492E-5;-4,521426E-5;2,782554E-5;-4,610926E-5;2,781046E-5;-4,468540E-5
1,266582E1;2,861117E-5;-4,546770E-5;2,706072E-5;-4,511781E-5;2,786729E-5;-4,522042E-5;2,781793E-5;-4,611358E-5;2,780393E-5;-4,468946E-5
1,273248E1;2,862939E-5;-4,545484E-5;2,707801E-5;-4,510401E-5;2,788392E-5;-4,520762E-5;2,783138E-5;-4,610142E-5;2,781783E-5;-4,467817E-5
1,279915E1;2,862347E-5;-4,547153E-5;2,707180E-5;-4,512333E-5;2,787931E-5;-4,522674E-5;2,782987E-5;-4,611739E-5;2,781516E-5;-4,469390E-5
1,286581E1;2,859670E-5;-4,547803E-5;2,704484E-5;-4,512809E-5;2,784946E-5;-4,523112E-5;2,780146E-5;-4,612431E-5;2,778791E-5;-4,470146E-5
1,293247E1;2,862276E-5;-4,545344E-5;2,707131E-5;-4,510212E-5;2,787691E-5;-4,520472E-5;2,782309E-5;-4,610093E-5;2,780812E-5;-4,467771E-5
1,299913E1;2,855852E-5;-4,544168E-5;2,700024E-5;-4,509015E-5;2,782424E-5;-4,520156E-5;2,777626E-5;-4,609723E-5;2,776086E-5;-4,467375E-5
1,306580E1;2,841873E-5;-4,549783E-5;2,687458E-5;-4,515079E-5;2,768233E-5;-4,525290E-5;2,771135E-5;-4,614941E-5;2,768502E-5;-4,472181E-5
1,313246E1;2,838521E-5;-4,548400E-5;2,685019E-5;-4,514311E-5;2,764307E-5;-4,524705E-5;2,769578E-5;-4,612296E-5;2,766412E-5;-4,470013E-5
1,319912E1;2,843065E-5;-4,545778E-5;2,687674E-5;-4,511137E-5;2,768162E-5;-4,521402E-5;2,774638E-5;-4,609746E-5;2,772865E-5;-4,467327E-5
1,326578E1;2,843208E-5;-4,541789E-5;2,688598E-5;-4,506595E-5;2,768488E-5;-4,517369E-5;2,774458E-5;-4,607005E-5;2,772900E-5;-4,464712E-5
1,333244E1;2,843909E-5;-4,543906E-5;2,688758E-5;-4,509021E-5;2,769281E-5;-4,519158E-5;2,774970E-5;-4,608266E-5;2,773240E-5;-4,465901E-5
