#multi:
;masa A;;masa B;;masa D;;masa E;;masa F;;
t;x;y;x;y;x;y;x;y;x;y;
0,000000E0;2,817891E-5;-4,684351E-5;2,794593E-5;-4,847437E-5;2,971658E-5;-4,740266E-5;2,752657E-5;-4,544563E-5;2,715380E-5;-4,721628E-5
6,666222E-2;2,821164E-5;-4,693160E-5;2,795158E-5;-4,855600E-5;2,972922E-5;-4,749486E-5;2,753511E-5;-4,553034E-5;2,716312E-5;-4,730418E-5
1,333244E-1;2,816423E-5;-4,692929E-5;2,792732E-5;-4,855804E-5;2,970455E-5;-4,750152E-5;2,751096E-5;-4,553467E-5;2,713731E-5;-4,730927E-5
1,999867E-1;2,823583E-5;-4,692679E-5;2,799110E-5;-4,856412E-5;2,975943E-5;-4,751552E-5;2,757718E-5;-4,554310E-5;2,720877E-5;-4,731998E-5
2,666489E-1;2,817611E-5;-4,693582E-5;2,794570E-5;-4,856970E-5;2,971503E-5;-4,751457E-5;2,753362E-5;-4,554749E-5;2,715809E-5;-4,732253E-5
3,333111E-1;2,815776E-5;-4,693973E-5;2,791628E-5;-4,856732E-5;2,968810E-5;-4,750504E-5;2,749647E-5;-4,553985E-5;2,712341E-5;-4,731190E-5
3,999733E-1;2,820845E-5;-4,694245E-5;2,794994E-5;-4,856038E-5;2,971165E-5;-4,749457E-5;2,753057E-5;-4,553530E-5;2,715426E-5;-4,730735E-5
4,666356E-1;2,816924E-5;-4,692797E-5;2,792885E-5;-4,855573E-5;2,969467E-5;-4,748484E-5;2,750998E-5;-4,552719E-5;2,712830E-5;-4,729719E-5
5,332978E-1;2,816264E-5;-4,695038E-5;2,792186E-5;-4,857168E-5;2,968530E-5;-4,750257E-5;2,750114E-5;-4,554449E-5;2,712655E-5;-4,731557E-5
5,999600E-1;2,818015E-5;-4,694795E-5;2,793009E-5;-4,856945E-5;2,969831E-5;-4,750576E-5;2,751140E-5;-4,554432E-5;2,713908E-5;-4,731519E-5
6,666222E-1;2,819587E-5;-4,695785E-5;2,795664E-5;-4,859375E-5;2,973095E-5;-4,753543E-5;2,754263E-5;-4,556994E-5;2,717245E-5;-4,734145E-5
7,332844E-1;2,817849E-5;-4,690187E-5;2,794756E-5;-4,852012E-5;2,972659E-5;-4,745401E-5;2,753053E-5;-4,549359E-5;2,716099E-5;-4,726338E-5
7,999467E-1;2,819052E-5;-4,692982E-5;2,793242E-5;-4,855286E-5;2,969806E-5;-4,747115E-5;2,752180E-5;-4,552506E-5;2,714494E-5;-4,729683E-5
8,666089E-1;2,814096E-5;-4,693335E-5;2,789808E-5;-4,854315E-5;2,970973E-5;-4,746062E-5;2,748411E-5;-4,551524E-5;2,710744E-5;-4,728657E-5
9,332711E-1;2,817956E-5;-4,694424E-5;2,793334E-5;-4,856637E-5;2,973678E-5;-4,745950E-5;2,751740E-5;-4,553750E-5;2,713787E-5;-4,730512E-5
9,999333E-1;2,816036E-5;-4,694253E-5;2,792438E-5;-4,856429E-5;2,971719E-5;-4,742894E-5;2,750843E-5;-4,553185E-5;2,712236E-5;-4,729914E-5
1,066596E0;2,814622E-5;-4,691453E-5;2,791306E-5;-4,853784E-5;2,969834E-5;-4,738844E-5;2,749004E-5;-4,550677E-5;2,714150E-5;-4,727128E-5
1,133258E0;2,816302E-5;-4,690984E-5;2,795891E-5;-4,853284E-5;2,970344E-5;-4,738053E-5;2,750641E-5;-4,550464E-5;2,715164E-5;-4,723717E-5
1,199920E0;2,818071E-5;-4,697195E-5;2,793373E-5;-4,857528E-5;2,972336E-5;-4,744289E-5;2,752400E-5;-4,557399E-5;2,713378E-5;-4,729616E-5
1,266582E0;2,819091E-5;-4,696763E-5;2,794950E-5;-4,858258E-5;2,974105E-5;-4,743926E-5;2,754213E-5;-4,557506E-5;2,715752E-5;-4,730957E-5
1,333244E0;2,819188E-5;-4,696431E-5;2,795661E-5;-4,859280E-5;2,973576E-5;-4,744391E-5;2,754167E-5;-4,557917E-5;2,716038E-5;-4,732315E-5
1,399907E0;2,818988E-5;-4,699007E-5;2,795304E-5;-4,861163E-5;2,974066E-5;-4,745580E-5;2,753862E-5;-4,559332E-5;2,715981E-5;-4,734438E-5
1,466569E0;2,821185E-5;-4,698610E-5;2,797611E-5;-4,860657E-5;2,976268E-5;-4,744468E-5;2,756302E-5;-4,558463E-5;2,718754E-5;-4,734369E-5
1,533231E0;2,815863E-5;-4,695671E-5;2,793481E-5;-4,857681E-5;2,971016E-5;-4,740923E-5;2,751435E-5;-4,555212E-5;2,712821E-5;-4,731260E-5
1,599893E0;2,818873E-5;-4,693932E-5;2,794542E-5;-4,856868E-5;2,972652E-5;-4,740634E-5;2,753618E-5;-4,554807E-5;2,716070E-5;-4,731029E-5
1,666556E0;2,817904E-5;-4,693856E-5;2,793414E-5;-4,855555E-5;2,971676E-5;-4,738259E-5;2,752337E-5;-4,552962E-5;2,714904E-5;-4,729615E-5
1,733218E0;2,817848E-5;-4,695043E-5;2,794054E-5;-4,856921E-5;2,971608E-5;-4,739583E-5;2,752681E-5;-4,554325E-5;2,714821E-5;-4,731058E-5
1,799880E0;2,819896E-5;-4,697492E-5;2,796945E-5;-4,860679E-5;2,973859E-5;-4,743298E-5;2,755131E-5;-4,557675E-5;2,717736E-5;-4,734712E-5
1,866542E0;2,821461E-5;-4,698676E-5;2,797673E-5;-4,861690E-5;2,974874E-5;-4,744724E-5;2,756004E-5;-4,559068E-5;2,718677E-5;-4,735883E-5
1,933204E0;2,818016E-5;-4,693567E-5;2,794945E-5;-4,856451E-5;2,971185E-5;-4,738151E-5;2,752529E-5;-4,553349E-5;2,714232E-5;-4,729850E-5
1,999867E0;2,816313E-5;-4,694211E-5;2,795368E-5;-4,857544E-5;2,970717E-5;-4,739013E-5;2,752385E-5;-4,553781E-5;2,713460E-5;-4,730589E-5
2,066529E0;2,813291E-5;-4,694427E-5;2,791482E-5;-4,856228E-5;2,966539E-5;-4,738305E-5;2,747731E-5;-4,552953E-5;2,710149E-5;-4,730015E-5
2,133191E0;2,820421E-5;-4,695691E-5;2,797851E-5;-4,857924E-5;2,973758E-5;-4,740545E-5;2,754602E-5;-4,555377E-5;2,716828E-5;-4,732417E-5
2,199853E0;2,815856E-5;-4,692810E-5;2,795035E-5;-4,854885E-5;2,968960E-5;-4,737166E-5;2,750983E-5;-4,552077E-5;2,711925E-5;-4,728840E-5
2,266516E0;2,817621E-5;-4,696930E-5;2,795919E-5;-4,859122E-5;2,971511E-5;-4,741533E-5;2,752665E-5;-4,556167E-5;2,714353E-5;-4,733342E-5
2,333178E0;2,819156E-5;-4,697145E-5;2,796391E-5;-4,858981E-5;2,972486E-5;-4,742187E-5;2,753635E-5;-4,556489E-5;2,715490E-5;-4,733591E-5
2,399840E0;2,812459E-5;-4,693085E-5;2,794189E-5;-4,856262E-5;2,968408E-5;-4,737873E-5;2,750745E-5;-4,553004E-5;2,709259E-5;-4,732013E-5
2,466502E0;2,815602E-5;-4,694059E-5;2,794704E-5;-4,857477E-5;2,970460E-5;-4,739692E-5;2,751844E-5;-4,554505E-5;2,709291E-5;-4,732558E-5
2,533164E0;2,820188E-5;-4,696409E-5;2,797171E-5;-4,861145E-5;2,975104E-5;-4,743214E-5;2,755962E-5;-4,558121E-5;2,713690E-5;-4,733604E-5
2,599827E0;2,816393E-5;-4,696445E-5;2,794453E-5;-4,859948E-5;2,971733E-5;-4,741769E-5;2,752831E-5;-4,557033E-5;2,710786E-5;-4,732852E-5
2,666489E0;2,818206E-5;-4,694070E-5;2,796137E-5;-4,857750E-5;2,973441E-5;-4,739208E-5;2,754350E-5;-4,554683E-5;2,713545E-5;-4,730747E-5
2,733151E0;2,819120E-5;-4,694057E-5;2,795694E-5;-4,857450E-5;2,973114E-5;-4,738603E-5;2,754534E-5;-4,554316E-5;2,715245E-5;-4,730652E-5
2,799813E0;2,818140E-5;-4,695532E-5;2,794407E-5;-4,858061E-5;2,971992E-5;-4,739530E-5;2,753114E-5;-4,555050E-5;2,714348E-5;-4,731818E-5
2,866476E0;2,807518E-5;-4,694543E-5;2,787806E-5;-4,856043E-5;2,962686E-5;-4,739074E-5;2,745129E-5;-4,553249E-5;2,703304E-5;-4,730230E-5
2,933138E0;2,802418E-5;-4,692784E-5;2,783558E-5;-4,856116E-5;2,959374E-5;-4,737699E-5;2,741581E-5;-4,553119E-5;2,700653E-5;-4,729574E-5
2,999800E0;2,812344E-5;-4,695327E-5;2,788896E-5;-4,856965E-5;2,965510E-5;-4,742971E-5;2,747301E-5;-4,554482E-5;2,709640E-5;-4,731829E-5
3,066462E0;2,819469E-5;-4,697244E-5;2,795667E-5;-4,859809E-5;2,969947E-5;-4,740344E-5;2,754422E-5;-4,556644E-5;2,716936E-5;-4,733599E-5
3,133124E0;2,811717E-5;-4,694169E-5;2,792187E-5;-4,852946E-5;2,962940E-5;-4,738453E-5;2,750879E-5;-4,549811E-5;2,708671E-5;-4,730802E-5
3,199787E0;2,808031E-5;-4,696950E-5;2,792089E-5;-4,853078E-5;2,961178E-5;-4,740510E-5;2,746477E-5;-4,554425E-5;2,705927E-5;-4,733371E-5
3,266449E0;2,809878E-5;-4,697083E-5;2,793499E-5;-4,851075E-5;2,962376E-5;-4,740514E-5;2,746093E-5;-4,554305E-5;2,707312E-5;-4,732729E-5
3,333111E0;2,811949E-5;-4,697353E-5;2,796146E-5;-4,851603E-5;2,963977E-5;-4,741621E-5;2,747237E-5;-4,552462E-5;2,709047E-5;-4,733746E-5
3,399773E0;2,814972E-5;-4,697019E-5;2,795719E-5;-4,853778E-5;2,966885E-5;-4,740701E-5;2,752263E-5;-4,556299E-5;2,711646E-5;-4,733722E-5
3,466436E0;2,812163E-5;-4,694356E-5;2,794523E-5;-4,851861E-5;2,965390E-5;-4,741950E-5;2,748729E-5;-4,553775E-5;2,709114E-5;-4,733110E-5
3,533098E0;2,810120E-5;-4,694607E-5;2,792336E-5;-4,848008E-5;2,960908E-5;-4,739123E-5;2,747583E-5;-4,552161E-5;2,704434E-5;-4,730897E-5
3,599760E0;2,804363E-5;-4,694731E-5;2,789318E-5;-4,846642E-5;2,957258E-5;-4,738767E-5;2,745002E-5;-4,554482E-5;2,700264E-5;-4,730833E-5
3,666422E0;2,800419E-5;-4,692285E-5;2,786541E-5;-4,845295E-5;2,953132E-5;-4,737737E-5;2,740004E-5;-4,550524E-5;2,696469E-5;-4,729258E-5
3,733084E0;2,805293E-5;-4,697927E-5;2,789501E-5;-4,848740E-5;2,956746E-5;-4,741619E-5;2,743884E-5;-4,557776E-5;2,698779E-5;-4,733842E-5
3,799747E0;2,809365E-5;-4,696899E-5;2,793878E-5;-4,847968E-5;2,960999E-5;-4,740676E-5;2,745857E-5;-4,556754E-5;2,704989E-5;-4,733302E-5
3,866409E0;2,808114E-5;-4,692462E-5;2,791832E-5;-4,842719E-5;2,958955E-5;-4,735304E-5;2,744193E-5;-4,550401E-5;2,703507E-5;-4,728145E-5
3,933071E0;2,805754E-5;-4,693767E-5;2,791787E-5;-4,844098E-5;2,958365E-5;-4,736889E-5;2,743202E-5;-4,548849E-5;2,701471E-5;-4,729232E-5
3,999733E0;2,805302E-5;-4,693332E-5;2,792325E-5;-4,843637E-5;2,958997E-5;-4,736660E-5;2,742846E-5;-4,546315E-5;2,702299E-5;-4,728895E-5
4,066396E0;2,804339E-5;-4,697782E-5;2,792600E-5;-4,848010E-5;2,958848E-5;-4,741642E-5;2,742114E-5;-4,550185E-5;2,701806E-5;-4,733996E-5
4,133058E0;2,809693E-5;-4,697734E-5;2,797111E-5;-4,849712E-5;2,963739E-5;-4,742481E-5;2,744292E-5;-4,550585E-5;2,707459E-5;-4,734616E-5
4,199720E0;2,804819E-5;-4,696106E-5;2,791611E-5;-4,845839E-5;2,957969E-5;-4,739302E-5;2,740982E-5;-4,548550E-5;2,701801E-5;-4,731788E-5
4,266382E0;2,808066E-5;-4,692313E-5;2,792410E-5;-4,842330E-5;2,959163E-5;-4,735474E-5;2,741679E-5;-4,543335E-5;2,703639E-5;-4,728150E-5
4,333044E0;2,806510E-5;-4,695230E-5;2,792969E-5;-4,844935E-5;2,959225E-5;-4,737988E-5;2,741657E-5;-4,545431E-5;2,702981E-5;-4,730772E-5
4,399707E0;2,813242E-5;-4,692790E-5;2,798772E-5;-4,845082E-5;2,964531E-5;-4,737771E-5;2,747343E-5;-4,541244E-5;2,709338E-5;-4,729652E-5
4,466369E0;2,808434E-5;-4,695716E-5;2,794138E-5;-4,846362E-5;2,959895E-5;-4,739242E-5;2,745083E-5;-4,545809E-5;2,702860E-5;-4,731138E-5
4,533031E0;2,808520E-5;-4,696312E-5;2,794500E-5;-4,846784E-5;2,960451E-5;-4,739880E-5;2,744088E-5;-4,545606E-5;2,703673E-5;-4,732105E-5
4,599693E0;2,810015E-5;-4,693337E-5;2,795697E-5;-4,844805E-5;2,961928E-5;-4,737144E-5;2,744636E-5;-4,542867E-5;2,705117E-5;-4,729158E-5
4,666356E0;2,803352E-5;-4,691762E-5;2,791189E-5;-4,842452E-5;2,956653E-5;-4,735243E-5;2,739434E-5;-4,540150E-5;2,700924E-5;-4,727072E-5
4,733018E0;2,804899E-5;-4,695718E-5;2,792828E-5;-4,846590E-5;2,958121E-5;-4,739386E-5;2,740471E-5;-4,544135E-5;2,700534E-5;-4,728511E-5
4,799680E0;2,806095E-5;-4,693150E-5;2,794948E-5;-4,844017E-5;2,960087E-5;-4,737440E-5;2,742197E-5;-4,541583E-5;2,704682E-5;-4,726944E-5
4,866342E0;2,807413E-5;-4,698344E-5;2,796555E-5;-4,849503E-5;2,962145E-5;-4,742959E-5;2,743779E-5;-4,547279E-5;2,704667E-5;-4,730922E-5
4,933004E0;2,812630E-5;-4,695302E-5;2,800101E-5;-4,848809E-5;2,966172E-5;-4,740028E-5;2,747789E-5;-4,543789E-5;2,709755E-5;-4,728976E-5
4,999667E0;2,812258E-5;-4,694206E-5;2,797229E-5;-4,847565E-5;2,966114E-5;-4,738969E-5;2,747792E-5;-4,542855E-5;2,709400E-5;-4,730650E-5
5,066329E0;2,812058E-5;-4,692991E-5;2,795135E-5;-4,845059E-5;2,966632E-5;-4,737287E-5;2,747785E-5;-4,541276E-5;2,706803E-5;-4,728877E-5
5,132991E0;2,813912E-5;-4,694386E-5;2,794678E-5;-4,846671E-5;2,967863E-5;-4,738919E-5;2,749260E-5;-4,542926E-5;2,705915E-5;-4,731391E-5
5,199653E0;2,812445E-5;-4,695518E-5;2,792773E-5;-4,846989E-5;2,966209E-5;-4,739806E-5;2,747741E-5;-4,543427E-5;2,703101E-5;-4,732651E-5
5,266316E0;2,813072E-5;-4,698281E-5;2,794045E-5;-4,850284E-5;2,969209E-5;-4,743552E-5;2,750179E-5;-4,546701E-5;2,704485E-5;-4,734250E-5
5,332978E0;2,816436E-5;-4,694173E-5;2,795623E-5;-4,846397E-5;2,972207E-5;-4,739502E-5;2,752437E-5;-4,543120E-5;2,706232E-5;-4,730711E-5
5,399640E0;2,813760E-5;-4,696790E-5;2,792865E-5;-4,847206E-5;2,969372E-5;-4,740534E-5;2,749735E-5;-4,544152E-5;2,703165E-5;-4,732381E-5
5,466302E0;2,815271E-5;-4,693208E-5;2,792842E-5;-4,843492E-5;2,970055E-5;-4,735938E-5;2,749975E-5;-4,539862E-5;2,705155E-5;-4,725838E-5
5,532964E0;2,810606E-5;-4,694665E-5;2,791182E-5;-4,844814E-5;2,967805E-5;-4,737589E-5;2,748027E-5;-4,541574E-5;2,700969E-5;-4,724849E-5
5,599627E0;2,813907E-5;-4,697094E-5;2,795182E-5;-4,848964E-5;2,972477E-5;-4,741266E-5;2,752974E-5;-4,545723E-5;2,702592E-5;-4,727986E-5
5,666289E0;2,822218E-5;-4,694908E-5;2,801293E-5;-4,844403E-5;2,977750E-5;-4,737805E-5;2,759051E-5;-4,541509E-5;2,713968E-5;-4,725420E-5
5,732951E0;2,816949E-5;-4,695984E-5;2,799766E-5;-4,849283E-5;2,978021E-5;-4,739570E-5;2,757951E-5;-4,546182E-5;2,711114E-5;-4,725010E-5
5,799613E0;2,816663E-5;-4,691991E-5;2,796849E-5;-4,845035E-5;2,976997E-5;-4,738565E-5;2,754846E-5;-4,542138E-5;2,710981E-5;-4,720185E-5
5,866276E0;2,815569E-5;-4,693920E-5;2,794244E-5;-4,845424E-5;2,972595E-5;-4,738946E-5;2,751818E-5;-4,542555E-5;2,710440E-5;-4,720243E-5
5,932938E0;2,821348E-5;-4,694789E-5;2,798024E-5;-4,847593E-5;2,977635E-5;-4,738262E-5;2,756256E-5;-4,544941E-5;2,715935E-5;-4,722643E-5
5,999600E0;2,826122E-5;-4,692926E-5;2,800243E-5;-4,848335E-5;2,981427E-5;-4,740368E-5;2,758080E-5;-4,546163E-5;2,718055E-5;-4,723897E-5
6,066262E0;2,821448E-5;-4,701762E-5;2,795524E-5;-4,851451E-5;2,972734E-5;-4,747629E-5;2,753511E-5;-4,548933E-5;2,708245E-5;-4,731171E-5
6,132924E0;2,805513E-5;-4,700106E-5;2,789907E-5;-4,845486E-5;2,963456E-5;-4,750782E-5;2,746912E-5;-4,541626E-5;2,703233E-5;-4,725645E-5
6,199587E0;2,804934E-5;-4,696524E-5;2,791729E-5;-4,845339E-5;2,962650E-5;-4,749392E-5;2,748867E-5;-4,541693E-5;2,702684E-5;-4,721848E-5
6,266249E0;2,809928E-5;-4,700903E-5;2,792588E-5;-4,853805E-5;2,966841E-5;-4,751417E-5;2,755445E-5;-4,549970E-5;2,703563E-5;-4,728566E-5
6,332911E0;2,806913E-5;-4,696867E-5;2,791320E-5;-4,854104E-5;2,967515E-5;-4,750950E-5;2,752881E-5;-4,546268E-5;2,702279E-5;-4,728949E-5
6,399573E0;2,807841E-5;-4,694299E-5;2,795383E-5;-4,850329E-5;2,970059E-5;-4,745338E-5;2,750504E-5;-4,541649E-5;2,705639E-5;-4,725005E-5
6,466236E0;2,810021E-5;-4,695294E-5;2,797093E-5;-4,850686E-5;2,973025E-5;-4,745358E-5;2,753274E-5;-4,543526E-5;2,708303E-5;-4,724856E-5
6,532898E0;2,812867E-5;-4,694394E-5;2,798919E-5;-4,850039E-5;2,976078E-5;-4,744479E-5;2,756163E-5;-4,544237E-5;2,710424E-5;-4,721535E-5
6,599560E0;2,809688E-5;-4,695406E-5;2,794118E-5;-4,847711E-5;2,969901E-5;-4,741376E-5;2,751313E-5;-4,543065E-5;2,707253E-5;-4,722443E-5
6,666222E0;2,810811E-5;-4,692949E-5;2,795151E-5;-4,845956E-5;2,971320E-5;-4,740277E-5;2,752386E-5;-4,542029E-5;2,707194E-5;-4,720777E-5
6,732884E0;2,812464E-5;-4,696096E-5;2,798391E-5;-4,849487E-5;2,975375E-5;-4,743378E-5;2,756617E-5;-4,545999E-5;2,711060E-5;-4,721694E-5
6,799547E0;2,815739E-5;-4,696970E-5;2,799109E-5;-4,851439E-5;2,978418E-5;-4,742519E-5;2,758536E-5;-4,545669E-5;2,715699E-5;-4,724525E-5
6,866209E0;2,812123E-5;-4,698043E-5;2,796026E-5;-4,851627E-5;2,978082E-5;-4,742346E-5;2,758294E-5;-4,549135E-5;2,712983E-5;-4,724470E-5
6,932871E0;2,813830E-5;-4,694792E-5;2,794921E-5;-4,846976E-5;2,977547E-5;-4,738485E-5;2,755358E-5;-4,544222E-5;2,712468E-5;-4,720556E-5
6,999533E0;2,817055E-5;-4,694495E-5;2,797320E-5;-4,848742E-5;2,979835E-5;-4,739824E-5;2,757294E-5;-4,546234E-5;2,715815E-5;-4,722174E-5
7,066196E0;2,817633E-5;-4,693295E-5;2,796690E-5;-4,847224E-5;2,980415E-5;-4,738445E-5;2,756152E-5;-4,544423E-5;2,715385E-5;-4,720439E-5
7,132858E0;2,815003E-5;-4,693886E-5;2,791517E-5;-4,845353E-5;2,976910E-5;-4,740211E-5;2,750947E-5;-4,542320E-5;2,711626E-5;-4,719083E-5
7,199520E0;2,818808E-5;-4,691121E-5;2,794682E-5;-4,843888E-5;2,976220E-5;-4,738811E-5;2,753279E-5;-4,540909E-5;2,714447E-5;-4,717626E-5
7,266182E0;2,823518E-5;-4,692718E-5;2,798992E-5;-4,845575E-5;2,978698E-5;-4,736228E-5;2,757320E-5;-4,542945E-5;2,719222E-5;-4,719877E-5
7,332844E0;2,819287E-5;-4,689900E-5;2,794506E-5;-4,842529E-5;2,979501E-5;-4,730463E-5;2,751950E-5;-4,539681E-5;2,712462E-5;-4,716487E-5
7,399507E0;2,816712E-5;-4,692817E-5;2,794409E-5;-4,845923E-5;2,974997E-5;-4,737941E-5;2,752601E-5;-4,543398E-5;2,713631E-5;-4,720465E-5
7,466169E0;2,820330E-5;-4,694030E-5;2,796192E-5;-4,846542E-5;2,975842E-5;-4,739094E-5;2,754614E-5;-4,544126E-5;2,715695E-5;-4,721247E-5
7,532831E0;2,818710E-5;-4,694412E-5;2,794806E-5;-4,846868E-5;2,974087E-5;-4,739691E-5;2,753355E-5;-4,544161E-5;2,715029E-5;-4,721018E-5
7,599493E0;2,820100E-5;-4,697257E-5;2,797625E-5;-4,849259E-5;2,975788E-5;-4,742430E-5;2,755967E-5;-4,546558E-5;2,717121E-5;-4,723423E-5
7,666156E0;2,815346E-5;-4,696606E-5;2,794327E-5;-4,847309E-5;2,971731E-5;-4,740549E-5;2,752543E-5;-4,544735E-5;2,713621E-5;-4,721880E-5
7,732818E0;2,823052E-5;-4,696070E-5;2,801118E-5;-4,845286E-5;2,978170E-5;-4,738207E-5;2,759251E-5;-4,542558E-5;2,721046E-5;-4,723150E-5
7,799480E0;2,811282E-5;-4,693169E-5;2,792419E-5;-4,844877E-5;2,969613E-5;-4,737803E-5;2,750323E-5;-4,541894E-5;2,709803E-5;-4,718125E-5
7,866142E0;2,808461E-5;-4,691277E-5;2,791845E-5;-4,843294E-5;2,968494E-5;-4,736712E-5;2,749256E-5;-4,540217E-5;2,708955E-5;-4,719131E-5
7,932804E0;2,814493E-5;-4,693991E-5;2,798540E-5;-4,849403E-5;2,975534E-5;-4,742359E-5;2,756633E-5;-4,546137E-5;2,714273E-5;-4,720800E-5
7,999467E0;2,813089E-5;-4,695775E-5;2,795432E-5;-4,849308E-5;2,973182E-5;-4,741961E-5;2,754211E-5;-4,546137E-5;2,713236E-5;-4,721853E-5
8,066129E0;2,814088E-5;-4,696979E-5;2,796340E-5;-4,849567E-5;2,973226E-5;-4,743027E-5;2,754535E-5;-4,546999E-5;2,714188E-5;-4,723209E-5
8,132791E0;2,815663E-5;-4,695722E-5;2,797027E-5;-4,847637E-5;2,973585E-5;-4,742647E-5;2,755045E-5;-4,545423E-5;2,714953E-5;-4,722092E-5
8,199453E0;2,817803E-5;-4,694994E-5;2,798636E-5;-4,846490E-5;2,974799E-5;-4,742410E-5;2,756148E-5;-4,544733E-5;2,716661E-5;-4,721839E-5
8,266116E0;2,819153E-5;-4,697647E-5;2,797746E-5;-4,848579E-5;2,974875E-5;-4,743812E-5;2,755937E-5;-4,546490E-5;2,717443E-5;-4,723785E-5
8,332778E0;2,820415E-5;-4,696776E-5;2,799001E-5;-4,848946E-5;2,976956E-5;-4,743613E-5;2,757306E-5;-4,546602E-5;2,719314E-5;-4,723540E-5
8,399440E0;2,811752E-5;-4,697049E-5;2,789120E-5;-4,846156E-5;2,966272E-5;-4,738921E-5;2,746703E-5;-4,546531E-5;2,709432E-5;-4,722961E-5
8,466102E0;2,816224E-5;-4,696022E-5;2,794672E-5;-4,847428E-5;2,970979E-5;-4,739583E-5;2,750378E-5;-4,543837E-5;2,712382E-5;-4,721203E-5
8,532764E0;2,818324E-5;-4,695965E-5;2,795862E-5;-4,847233E-5;2,972635E-5;-4,739733E-5;2,752815E-5;-4,544328E-5;2,714636E-5;-4,721726E-5
8,599427E0;2,815294E-5;-4,693092E-5;2,793102E-5;-4,844006E-5;2,969309E-5;-4,736721E-5;2,750377E-5;-4,541205E-5;2,712257E-5;-4,718462E-5
8,666089E0;2,808608E-5;-4,695172E-5;2,788885E-5;-4,845319E-5;2,965019E-5;-4,740895E-5;2,745663E-5;-4,544909E-5;2,707125E-5;-4,721498E-5
8,732751E0;2,808945E-5;-4,695188E-5;2,790656E-5;-4,844862E-5;2,962987E-5;-4,738983E-5;2,744209E-5;-4,543604E-5;2,705921E-5;-4,720361E-5
8,799413E0;2,815221E-5;-4,692249E-5;2,795819E-5;-4,843453E-5;2,970033E-5;-4,733211E-5;2,748799E-5;-4,539328E-5;2,711347E-5;-4,717085E-5
8,866076E0;2,808671E-5;-4,692652E-5;2,790180E-5;-4,843053E-5;2,964518E-5;-4,732992E-5;2,743992E-5;-4,541480E-5;2,705893E-5;-4,717939E-5
8,932738E0;2,806570E-5;-4,696192E-5;2,791072E-5;-4,846733E-5;2,959993E-5;-4,735411E-5;2,742873E-5;-4,544867E-5;2,704990E-5;-4,721747E-5
8,999400E0;2,814206E-5;-4,694829E-5;2,797157E-5;-4,847526E-5;2,969077E-5;-4,733988E-5;2,748936E-5;-4,542853E-5;2,710830E-5;-4,719936E-5
9,066062E0;2,811359E-5;-4,696764E-5;2,793646E-5;-4,847573E-5;2,963345E-5;-4,736220E-5;2,746543E-5;-4,545630E-5;2,708877E-5;-4,721963E-5
9,132724E0;2,807521E-5;-4,691826E-5;2,792362E-5;-4,841913E-5;2,963550E-5;-4,730685E-5;2,743318E-5;-4,539741E-5;2,705366E-5;-4,716137E-5
9,199387E0;2,804139E-5;-4,695402E-5;2,791223E-5;-4,845360E-5;2,960602E-5;-4,732486E-5;2,741049E-5;-4,543110E-5;2,702631E-5;-4,719995E-5
9,266049E0;2,811175E-5;-4,695066E-5;2,796609E-5;-4,846662E-5;2,965512E-5;-4,732129E-5;2,745743E-5;-4,543969E-5;2,708423E-5;-4,720181E-5
9,332711E0;2,810714E-5;-4,695979E-5;2,795129E-5;-4,846883E-5;2,963880E-5;-4,731591E-5;2,743614E-5;-4,543900E-5;2,707780E-5;-4,721108E-5
9,399373E0;2,806015E-5;-4,692699E-5;2,792068E-5;-4,843097E-5;2,959695E-5;-4,727255E-5;2,740484E-5;-4,540410E-5;2,703830E-5;-4,717783E-5
9,466036E0;2,808596E-5;-4,693293E-5;2,794340E-5;-4,844492E-5;2,961618E-5;-4,727727E-5;2,742536E-5;-4,541794E-5;2,706096E-5;-4,718700E-5
9,532698E0;2,810805E-5;-4,694650E-5;2,794967E-5;-4,845891E-5;2,962265E-5;-4,728949E-5;2,743383E-5;-4,543179E-5;2,707058E-5;-4,720157E-5
9,599360E0;2,805413E-5;-4,700039E-5;2,792569E-5;-4,851129E-5;2,957589E-5;-4,734592E-5;2,740215E-5;-4,548996E-5;2,703642E-5;-4,726383E-5
9,666022E0;2,809496E-5;-4,696301E-5;2,796996E-5;-4,848829E-5;2,962728E-5;-4,735148E-5;2,745217E-5;-4,546143E-5;2,708316E-5;-4,722745E-5
9,732684E0;2,805264E-5;-4,694727E-5;2,792175E-5;-4,845329E-5;2,960380E-5;-4,733096E-5;2,740557E-5;-4,543070E-5;2,704045E-5;-4,720237E-5
9,799347E0;2,806703E-5;-4,695680E-5;2,794010E-5;-4,847071E-5;2,961873E-5;-4,733327E-5;2,741778E-5;-4,544248E-5;2,704858E-5;-4,721406E-5
9,866009E0;2,808862E-5;-4,696536E-5;2,796698E-5;-4,847921E-5;2,964208E-5;-4,733240E-5;2,744439E-5;-4,545081E-5;2,706816E-5;-4,722155E-5
9,932671E0;2,801826E-5;-4,696587E-5;2,791011E-5;-4,846445E-5;2,957441E-5;-4,730536E-5;2,738534E-5;-4,543787E-5;2,700272E-5;-4,720985E-5
9,999333E0;2,810436E-5;-4,696712E-5;2,798420E-5;-4,848276E-5;2,964909E-5;-4,731899E-5;2,746002E-5;-4,545322E-5;2,708168E-5;-4,722262E-5
1,006600E1;2,806684E-5;-4,697539E-5;2,794528E-5;-4,847895E-5;2,960978E-5;-4,731212E-5;2,741808E-5;-4,545155E-5;2,704576E-5;-4,722265E-5
1,013266E1;2,804683E-5;-4,695261E-5;2,791902E-5;-4,845901E-5;2,958395E-5;-4,728439E-5;2,739149E-5;-4,543007E-5;2,702471E-5;-4,720194E-5
1,019932E1;2,798765E-5;-4,697646E-5;2,788640E-5;-4,848849E-5;2,954938E-5;-4,729376E-5;2,735406E-5;-4,544098E-5;2,697619E-5;-4,722577E-5
1,026598E1;2,802853E-5;-4,696640E-5;2,791230E-5;-4,847935E-5;2,961028E-5;-4,731212E-5;2,741666E-5;-4,545804E-5;2,701227E-5;-4,722181E-5
1,033264E1;2,809207E-5;-4,694580E-5;2,795507E-5;-4,845904E-5;2,964764E-5;-4,728658E-5;2,745220E-5;-4,543424E-5;2,706386E-5;-4,720127E-5
1,039931E1;2,804982E-5;-4,694741E-5;2,791519E-5;-4,845219E-5;2,959363E-5;-4,727798E-5;2,740671E-5;-4,542970E-5;2,702056E-5;-4,719891E-5
1,046597E1;2,807039E-5;-4,695368E-5;2,794052E-5;-4,846123E-5;2,961762E-5;-4,728733E-5;2,742993E-5;-4,543805E-5;2,704596E-5;-4,720620E-5
1,053263E1;2,804388E-5;-4,695141E-5;2,791876E-5;-4,845178E-5;2,958281E-5;-4,727647E-5;2,740173E-5;-4,543107E-5;2,701697E-5;-4,720362E-5
1,059929E1;2,806397E-5;-4,696383E-5;2,794662E-5;-4,847844E-5;2,961234E-5;-4,730159E-5;2,742239E-5;-4,545287E-5;2,704375E-5;-4,722336E-5
1,066596E1;2,810022E-5;-4,696581E-5;2,796249E-5;-4,847468E-5;2,962818E-5;-4,730048E-5;2,744220E-5;-4,545220E-5;2,707301E-5;-4,722459E-5
1,073262E1;2,812571E-5;-4,696765E-5;2,797600E-5;-4,847973E-5;2,964296E-5;-4,730361E-5;2,745586E-5;-4,545395E-5;2,708874E-5;-4,722702E-5
1,079928E1;2,808985E-5;-4,694998E-5;2,793331E-5;-4,845939E-5;2,959661E-5;-4,728147E-5;2,741330E-5;-4,543453E-5;2,704016E-5;-4,720655E-5
1,086594E1;2,805361E-5;-4,693078E-5;2,791785E-5;-4,843539E-5;2,957564E-5;-4,725947E-5;2,739439E-5;-4,541174E-5;2,702090E-5;-4,718745E-5
1,093260E1;2,808237E-5;-4,693767E-5;2,793790E-5;-4,845109E-5;2,959709E-5;-4,727424E-5;2,741361E-5;-4,542569E-5;2,704139E-5;-4,719877E-5
1,099927E1;2,804270E-5;-4,693237E-5;2,790845E-5;-4,844121E-5;2,956996E-5;-4,726683E-5;2,738321E-5;-4,541577E-5;2,701072E-5;-4,719146E-5
1,106593E1;2,804964E-5;-4,694761E-5;2,791804E-5;-4,846030E-5;2,958072E-5;-4,728405E-5;2,739189E-5;-4,543306E-5;2,701371E-5;-4,720713E-5
1,113259E1;2,799668E-5;-4,694894E-5;2,787811E-5;-4,846124E-5;2,953943E-5;-4,728761E-5;2,735052E-5;-4,542002E-5;2,696924E-5;-4,720602E-5
1,119925E1;2,808678E-5;-4,695339E-5;2,795473E-5;-4,847086E-5;2,961973E-5;-4,728869E-5;2,745716E-5;-4,544630E-5;2,705962E-5;-4,721384E-5
1,126592E1;2,811460E-5;-4,696601E-5;2,797545E-5;-4,849143E-5;2,964012E-5;-4,731043E-5;2,746859E-5;-4,544668E-5;2,708249E-5;-4,723146E-5
1,133258E1;2,803632E-5;-4,694991E-5;2,791680E-5;-4,846374E-5;2,957751E-5;-4,728474E-5;2,743164E-5;-4,544098E-5;2,701329E-5;-4,720624E-5
1,139924E1;2,804827E-5;-4,695179E-5;2,792662E-5;-4,846909E-5;2,958999E-5;-4,728806E-5;2,742650E-5;-4,544257E-5;2,702316E-5;-4,720928E-5
1,146590E1;2,803685E-5;-4,695622E-5;2,791956E-5;-4,846859E-5;2,958630E-5;-4,729058E-5;2,741342E-5;-4,544261E-5;2,701419E-5;-4,721305E-5
1,153256E1;2,808084E-5;-4,696451E-5;2,795691E-5;-4,847892E-5;2,961799E-5;-4,729718E-5;2,744388E-5;-4,545055E-5;2,705481E-5;-4,722236E-5
1,159923E1;2,805881E-5;-4,698099E-5;2,795248E-5;-4,849548E-5;2,961113E-5;-4,731647E-5;2,743715E-5;-4,546755E-5;2,704344E-5;-4,723647E-5
1,166589E1;2,805811E-5;-4,695202E-5;2,793669E-5;-4,846048E-5;2,959719E-5;-4,727829E-5;2,741808E-5;-4,543388E-5;2,703597E-5;-4,720523E-5
1,173255E1;2,810626E-5;-4,696473E-5;2,797037E-5;-4,847896E-5;2,963650E-5;-4,730279E-5;2,745193E-5;-4,545147E-5;2,708134E-5;-4,722339E-5
1,179921E1;2,808139E-5;-4,695019E-5;2,794293E-5;-4,845966E-5;2,960677E-5;-4,728088E-5;2,742641E-5;-4,543538E-5;2,705247E-5;-4,720927E-5
1,186588E1;2,800926E-5;-4,696059E-5;2,788082E-5;-4,849909E-5;2,954429E-5;-4,728245E-5;2,736435E-5;-4,543792E-5;2,698402E-5;-4,721126E-5
1,193254E1;2,805331E-5;-4,695967E-5;2,789493E-5;-4,845891E-5;2,958046E-5;-4,729232E-5;2,740221E-5;-4,544956E-5;2,702207E-5;-4,721616E-5
1,199920E1;2,807259E-5;-4,696874E-5;2,792932E-5;-4,848691E-5;2,960836E-5;-4,731855E-5;2,742919E-5;-4,546957E-5;2,704380E-5;-4,723063E-5
1,206586E1;2,805735E-5;-4,695729E-5;2,792083E-5;-4,847276E-5;2,959576E-5;-4,730145E-5;2,741215E-5;-4,545487E-5;2,703102E-5;-4,721980E-5
1,213252E1;2,808498E-5;-4,694531E-5;2,794125E-5;-4,846410E-5;2,961407E-5;-4,729215E-5;2,742639E-5;-4,544285E-5;2,704834E-5;-4,720959E-5
1,219919E1;2,811770E-5;-4,695093E-5;2,796536E-5;-4,847356E-5;2,964329E-5;-4,730255E-5;2,745153E-5;-4,545278E-5;2,708086E-5;-4,721744E-5
1,226585E1;2,810544E-5;-4,695252E-5;2,796184E-5;-4,847307E-5;2,963391E-5;-4,730043E-5;2,744269E-5;-4,545077E-5;2,706876E-5;-4,721653E-5
1,233251E1;2,805962E-5;-4,696882E-5;2,793533E-5;-4,847565E-5;2,960289E-5;-4,730350E-5;2,741302E-5;-4,545778E-5;2,703187E-5;-4,722702E-5
1,239917E1;2,810421E-5;-4,696102E-5;2,797136E-5;-4,847561E-5;2,963611E-5;-4,730216E-5;2,744653E-5;-4,545533E-5;2,706915E-5;-4,722189E-5
1,246584E1;2,810618E-5;-4,696018E-5;2,796761E-5;-4,847712E-5;2,963353E-5;-4,729779E-5;2,744261E-5;-4,545310E-5;2,707197E-5;-4,722077E-5
1,253250E1;2,803155E-5;-4,693286E-5;2,791040E-5;-4,844548E-5;2,957680E-5;-4,726828E-5;2,738512E-5;-4,542204E-5;2,700318E-5;-4,718908E-5
1,259916E1;2,807612E-5;-4,694306E-5;2,795923E-5;-4,847389E-5;2,962341E-5;-4,729389E-5;2,743456E-5;-4,544907E-5;2,705542E-5;-4,720826E-5
1,266582E1;2,801839E-5;-4,691493E-5;2,790828E-5;-4,842214E-5;2,956905E-5;-4,724763E-5;2,738051E-5;-4,539969E-5;2,699490E-5;-4,716924E-5
1,273248E1;2,802888E-5;-4,692776E-5;2,792834E-5;-4,845238E-5;2,958900E-5;-4,726970E-5;2,739710E-5;-4,542232E-5;2,701207E-5;-4,719069E-5
1,279915E1;2,803809E-5;-4,693452E-5;2,794776E-5;-4,846674E-5;2,960897E-5;-4,728186E-5;2,741436E-5;-4,543638E-5;2,702613E-5;-4,720235E-5
1,286581E1;2,807459E-5;-4,696601E-5;2,797480E-5;-4,849544E-5;2,963957E-5;-4,732301E-5;2,744940E-5;-4,547245E-5;2,706597E-5;-4,722885E-5
1,293247E1;2,805614E-5;-4,697003E-5;2,795135E-5;-4,849236E-5;2,961834E-5;-4,732162E-5;2,742409E-5;-4,546806E-5;2,704579E-5;-4,723695E-5
1,299913E1;2,807585E-5;-4,692157E-5;2,795021E-5;-4,844356E-5;2,961537E-5;-4,727350E-5;2,742302E-5;-4,541887E-5;2,705363E-5;-4,718901E-5
1,306580E1;2,809445E-5;-4,695402E-5;2,796370E-5;-4,847995E-5;2,964301E-5;-4,730860E-5;2,743822E-5;-4,545334E-5;2,707594E-5;-4,722045E-5
1,313246E1;2,807240E-5;-4,695130E-5;2,793833E-5;-4,846659E-5;2,961212E-5;-4,729474E-5;2,741276E-5;-4,543942E-5;2,705460E-5;-4,721450E-5
1,319912E1;2,804302E-5;-4,695961E-5;2,791474E-5;-4,846020E-5;2,959113E-5;-4,729460E-5;2,739360E-5;-4,543898E-5;2,702332E-5;-4,721952E-5
1,326578E1;2,803132E-5;-4,690858E-5;2,792202E-5;-4,840539E-5;2,956111E-5;-4,723800E-5;2,737296E-5;-4,539216E-5;2,699931E-5;-4,716677E-5
1,333244E1;2,805433E-5;-4,693661E-5;2,795281E-5;-4,841035E-5;2,958886E-5;-4,726749E-5;2,740219E-5;-4,542287E-5;2,702669E-5;-4,719605E-5
1,339911E1;2,803320E-5;-4,693486E-5;2,793172E-5;-4,838568E-5;2,957682E-5;-4,726645E-5;2,738706E-5;-4,541803E-5;2,701101E-5;-4,719080E-5
1,346577E1;2,812637E-5;-4,695045E-5;2,799939E-5;-4,841369E-5;2,964432E-5;-4,729674E-5;2,745092E-5;-4,544464E-5;2,708824E-5;-4,720921E-5
1,353243E1;2,811504E-5;-4,698941E-5;2,793755E-5;-4,842866E-5;2,962894E-5;-4,731983E-5;2,743950E-5;-4,546446E-5;2,706805E-5;-4,723083E-5
1,359909E1;2,811444E-5;-4,701264E-5;2,795105E-5;-4,846590E-5;2,962160E-5;-4,733474E-5;2,743936E-5;-4,548500E-5;2,707257E-5;-4,725743E-5
1,366576E1;2,798008E-5;-4,696419E-5;2,782143E-5;-4,842332E-5;2,950091E-5;-4,728937E-5;2,731303E-5;-4,543081E-5;2,693753E-5;-4,720448E-5
1,373242E1;2,799649E-5;-4,697540E-5;2,784433E-5;-4,844866E-5;2,952282E-5;-4,730441E-5;2,733388E-5;-4,544539E-5;2,695750E-5;-4,722169E-5
1,379908E1;2,805185E-5;-4,692146E-5;2,794388E-5;-4,839680E-5;2,956942E-5;-4,725096E-5;2,737920E-5;-4,539868E-5;2,700090E-5;-4,717360E-5
1,386574E1;2,806776E-5;-4,699305E-5;2,793632E-5;-4,845848E-5;2,961983E-5;-4,732989E-5;2,742471E-5;-4,547623E-5;2,704350E-5;-4,724625E-5
1,393240E1;2,802239E-5;-4,693058E-5;2,793286E-5;-4,840223E-5;2,957005E-5;-4,726808E-5;2,737814E-5;-4,541426E-5;2,699629E-5;-4,718625E-5
1,399907E1;2,803804E-5;-4,691523E-5;2,792881E-5;-4,836351E-5;2,957619E-5;-4,725182E-5;2,738451E-5;-4,539807E-5;2,700823E-5;-4,717067E-5
1,406573E1;2,804132E-5;-4,695194E-5;2,792472E-5;-4,838074E-5;2,957954E-5;-4,728090E-5;2,738498E-5;-4,543076E-5;2,701438E-5;-4,720368E-5
1,413239E1;2,809761E-5;-4,698380E-5;2,794340E-5;-4,842213E-5;2,963227E-5;-4,732497E-5;2,743901E-5;-4,547429E-5;2,707115E-5;-4,724793E-5
1,419905E1;2,806488E-5;-4,699099E-5;2,792240E-5;-4,844770E-5;2,961018E-5;-4,732487E-5;2,741492E-5;-4,547473E-5;2,705171E-5;-4,725061E-5
1,426572E1;2,807667E-5;-4,695961E-5;2,792914E-5;-4,842995E-5;2,960463E-5;-4,729166E-5;2,741790E-5;-4,544246E-5;2,705138E-5;-4,721721E-5
1,433238E1;2,809107E-5;-4,697755E-5;2,795012E-5;-4,846064E-5;2,962381E-5;-4,731544E-5;2,743672E-5;-4,546088E-5;2,707178E-5;-4,723864E-5
1,439904E1;2,809104E-5;-4,696396E-5;2,795433E-5;-4,846072E-5;2,962741E-5;-4,730227E-5;2,743696E-5;-4,545039E-5;2,707137E-5;-4,722276E-5
1,446570E1;2,804385E-5;-4,693614E-5;2,791070E-5;-4,843021E-5;2,958027E-5;-4,726944E-5;2,739321E-5;-4,541745E-5;2,702199E-5;-4,719359E-5
1,453236E1;2,803788E-5;-4,691531E-5;2,793210E-5;-4,841469E-5;2,957815E-5;-4,724807E-5;2,739091E-5;-4,539816E-5;2,701965E-5;-4,717051E-5
1,459903E1;2,801020E-5;-4,691894E-5;2,790358E-5;-4,838666E-5;2,954847E-5;-4,725665E-5;2,736286E-5;-4,540389E-5;2,698050E-5;-4,717411E-5
1,466569E1;2,811467E-5;-4,695104E-5;2,797881E-5;-4,843419E-5;2,965716E-5;-4,730620E-5;2,746904E-5;-4,544067E-5;2,709109E-5;-4,721876E-5
1,473235E1;2,810223E-5;-4,694573E-5;2,795705E-5;-4,843837E-5;2,962994E-5;-4,729422E-5;2,748225E-5;-4,543196E-5;2,707385E-5;-4,720799E-5
1,479901E1;2,802472E-5;-4,698140E-5;2,790630E-5;-4,847101E-5;2,957148E-5;-4,731903E-5;2,743786E-5;-4,548840E-5;2,700097E-5;-4,723903E-5
1,486568E1;2,807026E-5;-4,698455E-5;2,794647E-5;-4,848656E-5;2,961169E-5;-4,732327E-5;2,746768E-5;-4,548475E-5;2,704662E-5;-4,723895E-5
1,493234E1;2,804513E-5;-4,696980E-5;2,791497E-5;-4,846399E-5;2,957517E-5;-4,730044E-5;2,741629E-5;-4,545866E-5;2,701240E-5;-4,722120E-5
1,499900E1;2,804186E-5;-4,695190E-5;2,791233E-5;-4,844948E-5;2,957734E-5;-4,728038E-5;2,740473E-5;-4,543584E-5;2,701325E-5;-4,720160E-5
1,506566E1;2,811759E-5;-4,695241E-5;2,798117E-5;-4,847436E-5;2,964859E-5;-4,729685E-5;2,747438E-5;-4,543217E-5;2,708959E-5;-4,721432E-5
1,513232E1;2,806305E-5;-4,696509E-5;2,793493E-5;-4,847958E-5;2,960029E-5;-4,730518E-5;2,744916E-5;-4,546122E-5;2,703750E-5;-4,722348E-5
1,519899E1;2,812845E-5;-4,695015E-5;2,798439E-5;-4,846923E-5;2,965399E-5;-4,729386E-5;2,749452E-5;-4,543098E-5;2,709412E-5;-4,721033E-5
1,526565E1;2,804019E-5;-4,695655E-5;2,788657E-5;-4,848149E-5;2,954969E-5;-4,728143E-5;2,740363E-5;-4,544321E-5;2,699026E-5;-4,721009E-5
1,533231E1;2,804254E-5;-4,694739E-5;2,787112E-5;-4,846645E-5;2,956147E-5;-4,727492E-5;2,740602E-5;-4,543248E-5;2,699997E-5;-4,720103E-5
1,539897E1;2,812164E-5;-4,695113E-5;2,792133E-5;-4,846529E-5;2,963189E-5;-4,730252E-5;2,747151E-5;-4,543512E-5;2,707934E-5;-4,722404E-5
1,546564E1;2,817345E-5;-4,695238E-5;2,795004E-5;-4,846640E-5;2,964452E-5;-4,730122E-5;2,751059E-5;-4,543709E-5;2,709697E-5;-4,720922E-5
1,553230E1;2,811569E-5;-4,695324E-5;2,790848E-5;-4,846197E-5;2,959168E-5;-4,729246E-5;2,747359E-5;-4,543055E-5;2,706182E-5;-4,721583E-5
1,559896E1;2,815035E-5;-4,697026E-5;2,795373E-5;-4,849322E-5;2,964593E-5;-4,731976E-5;2,752858E-5;-4,546006E-5;2,710544E-5;-4,722441E-5
1,566562E1;2,809408E-5;-4,692912E-5;2,789532E-5;-4,843868E-5;2,957019E-5;-4,726334E-5;2,746495E-5;-4,542780E-5;2,704740E-5;-4,719132E-5
1,573228E1;2,814533E-5;-4,695228E-5;2,794517E-5;-4,847606E-5;2,962200E-5;-4,729991E-5;2,749569E-5;-4,543799E-5;2,710010E-5;-4,720697E-5
1,579895E1;2,816690E-5;-4,696962E-5;2,795827E-5;-4,849306E-5;2,963100E-5;-4,731870E-5;2,751936E-5;-4,545845E-5;2,712722E-5;-4,722844E-5
1,586561E1;2,815004E-5;-4,695236E-5;2,793343E-5;-4,847202E-5;2,960426E-5;-4,730073E-5;2,749867E-5;-4,544149E-5;2,711373E-5;-4,721272E-5
1,593227E1;2,815245E-5;-4,694017E-5;2,793799E-5;-4,846743E-5;2,960866E-5;-4,729105E-5;2,750884E-5;-4,543575E-5;2,712306E-5;-4,720521E-5
1,599893E1;2,817290E-5;-4,693803E-5;2,795942E-5;-4,846048E-5;2,962819E-5;-4,728473E-5;2,753046E-5;-4,542619E-5;2,714033E-5;-4,719542E-5
1,606560E1;2,820818E-5;-4,698497E-5;2,798979E-5;-4,850454E-5;2,966252E-5;-4,730997E-5;2,756737E-5;-4,547266E-5;2,717897E-5;-4,723958E-5
1,613226E1;2,827299E-5;-4,697331E-5;2,802781E-5;-4,848577E-5;2,973354E-5;-4,732418E-5;2,761152E-5;-4,545899E-5;2,723517E-5;-4,723202E-5
1,619892E1;2,823805E-5;-4,695225E-5;2,801158E-5;-4,845895E-5;2,969905E-5;-4,729416E-5;2,758704E-5;-4,543051E-5;2,720503E-5;-4,722230E-5
1,626558E1;2,823112E-5;-4,697079E-5;2,800626E-5;-4,846732E-5;2,968464E-5;-4,730303E-5;2,758071E-5;-4,546773E-5;2,716334E-5;-4,723261E-5
1,633224E1;2,819284E-5;-4,694556E-5;2,799174E-5;-4,847571E-5;2,967022E-5;-4,728054E-5;2,753724E-5;-4,544291E-5;2,713784E-5;-4,721255E-5
1,639891E1;2,819579E-5;-4,695476E-5;2,797792E-5;-4,847649E-5;2,968305E-5;-4,728875E-5;2,753757E-5;-4,544690E-5;2,714266E-5;-4,721712E-5
1,646557E1;2,819760E-5;-4,695549E-5;2,797898E-5;-4,848113E-5;2,970198E-5;-4,729474E-5;2,754291E-5;-4,544674E-5;2,714802E-5;-4,721403E-5
1,653223E1;2,813995E-5;-4,692120E-5;2,792224E-5;-4,843755E-5;2,966217E-5;-4,725464E-5;2,749066E-5;-4,540605E-5;2,709908E-5;-4,717685E-5
1,659889E1;2,815857E-5;-4,689239E-5;2,794729E-5;-4,840415E-5;2,969568E-5;-4,722197E-5;2,752159E-5;-4,537175E-5;2,713046E-5;-4,714369E-5
1,666556E1;2,809082E-5;-4,688405E-5;2,790448E-5;-4,837945E-5;2,961219E-5;-4,723545E-5;2,747371E-5;-4,535319E-5;2,707978E-5;-4,714874E-5
1,673222E1;2,820222E-5;-4,693690E-5;2,797951E-5;-4,845310E-5;2,971560E-5;-4,729537E-5;2,755470E-5;-4,542529E-5;2,714987E-5;-4,718982E-5
1,679888E1;2,819079E-5;-4,687380E-5;2,798511E-5;-4,839862E-5;2,969861E-5;-4,723630E-5;2,756463E-5;-4,536691E-5;2,716713E-5;-4,713079E-5
1,686554E1;2,814660E-5;-4,686363E-5;2,794554E-5;-4,837462E-5;2,967716E-5;-4,724530E-5;2,752446E-5;-4,534578E-5;2,712385E-5;-4,711518E-5
1,693220E1;2,813352E-5;-4,685896E-5;2,792450E-5;-4,835824E-5;2,966763E-5;-4,725161E-5;2,750377E-5;-4,533205E-5;2,711156E-5;-4,710754E-5
1,699887E1;2,819175E-5;-4,688532E-5;2,796619E-5;-4,840337E-5;2,972202E-5;-4,730172E-5;2,754935E-5;-4,537699E-5;2,716891E-5;-4,714869E-5
1,706553E1;2,815852E-5;-4,685403E-5;2,793594E-5;-4,836971E-5;2,969897E-5;-4,728268E-5;2,751935E-5;-4,534087E-5;2,713681E-5;-4,711374E-5
1,713219E1;2,823470E-5;-4,692316E-5;2,797365E-5;-4,844096E-5;2,974408E-5;-4,735853E-5;2,755939E-5;-4,541443E-5;2,719016E-5;-4,718645E-5
1,719885E1;2,818262E-5;-4,688423E-5;2,795200E-5;-4,839761E-5;2,972160E-5;-4,731832E-5;2,753721E-5;-4,537003E-5;2,715783E-5;-4,714251E-5
1,726552E1;2,816028E-5;-4,684407E-5;2,792631E-5;-4,835492E-5;2,969334E-5;-4,728440E-5;2,750707E-5;-4,532900E-5;2,712896E-5;-4,710215E-5
1,733218E1;2,819693E-5;-4,688097E-5;2,796397E-5;-4,839353E-5;2,972673E-5;-4,731845E-5;2,754412E-5;-4,536513E-5;2,716592E-5;-4,713711E-5
1,739884E1;2,819507E-5;-4,688478E-5;2,796774E-5;-4,840441E-5;2,973314E-5;-4,732953E-5;2,754877E-5;-4,537275E-5;2,716992E-5;-4,714270E-5
1,746550E1;2,817809E-5;-4,683231E-5;2,793637E-5;-4,834225E-5;2,970422E-5;-4,727234E-5;2,751539E-5;-4,531254E-5;2,714136E-5;-4,708547E-5
1,753216E1;2,814469E-5;-4,681746E-5;2,790730E-5;-4,832346E-5;2,968093E-5;-4,725618E-5;2,748284E-5;-4,529278E-5;2,710927E-5;-4,706615E-5
1,759883E1;2,818752E-5;-4,684264E-5;2,794367E-5;-4,835127E-5;2,972162E-5;-4,728695E-5;2,752654E-5;-4,532435E-5;2,715461E-5;-4,709658E-5
1,766549E1;2,819324E-5;-4,683604E-5;2,795576E-5;-4,835117E-5;2,973249E-5;-4,728538E-5;2,753684E-5;-4,532434E-5;2,716316E-5;-4,709440E-5
1,773215E1;2,813408E-5;-4,681994E-5;2,790461E-5;-4,832986E-5;2,967621E-5;-4,726225E-5;2,747918E-5;-4,530243E-5;2,710366E-5;-4,707424E-5
1,779881E1;2,813259E-5;-4,683606E-5;2,791162E-5;-4,834575E-5;2,967402E-5;-4,728661E-5;2,748489E-5;-4,532209E-5;2,710786E-5;-4,709795E-5
1,786548E1;2,820114E-5;-4,690318E-5;2,793710E-5;-4,842171E-5;2,971166E-5;-4,735918E-5;2,751994E-5;-4,539675E-5;2,715135E-5;-4,717060E-5
1,793214E1;2,822284E-5;-4,691445E-5;2,796313E-5;-4,843646E-5;2,974163E-5;-4,737736E-5;2,754711E-5;-4,541506E-5;2,717808E-5;-4,718796E-5
1,799880E1;2,817185E-5;-4,690910E-5;2,793444E-5;-4,842509E-5;2,970125E-5;-4,734970E-5;2,751039E-5;-4,539714E-5;2,713129E-5;-4,716682E-5
1,806546E1;2,820848E-5;-4,690083E-5;2,793981E-5;-4,842538E-5;2,971119E-5;-4,734611E-5;2,751846E-5;-4,539333E-5;2,714141E-5;-4,716125E-5
1,813212E1;2,822794E-5;-4,687928E-5;2,797212E-5;-4,844453E-5;2,974752E-5;-4,736457E-5;2,755337E-5;-4,541408E-5;2,717560E-5;-4,718042E-5
1,819879E1;2,818331E-5;-4,686475E-5;2,792692E-5;-4,844007E-5;2,970027E-5;-4,736654E-5;2,750545E-5;-4,541215E-5;2,712923E-5;-4,718263E-5
1,826545E1;2,820372E-5;-4,684476E-5;2,794920E-5;-4,843368E-5;2,971854E-5;-4,736967E-5;2,752655E-5;-4,540785E-5;2,714906E-5;-4,718046E-5
1,833211E1;2,818570E-5;-4,688573E-5;2,794641E-5;-4,848647E-5;2,971785E-5;-4,741179E-5;2,752735E-5;-4,545871E-5;2,715089E-5;-4,722678E-5
1,839877E1;2,819294E-5;-4,687494E-5;2,795108E-5;-4,847589E-5;2,971825E-5;-4,740677E-5;2,752937E-5;-4,544857E-5;2,715384E-5;-4,721995E-5
1,846544E1;2,828315E-5;-4,687575E-5;2,804814E-5;-4,848787E-5;2,981944E-5;-4,743015E-5;2,762681E-5;-4,546446E-5;2,724872E-5;-4,723687E-5
1,853210E1;2,821796E-5;-4,686117E-5;2,798683E-5;-4,847855E-5;2,974924E-5;-4,741612E-5;2,756231E-5;-4,545125E-5;2,718272E-5;-4,722401E-5
1,859876E1;2,818250E-5;-4,680340E-5;2,793786E-5;-4,841920E-5;2,970939E-5;-4,735160E-5;2,751953E-5;-4,539198E-5;2,713793E-5;-4,716164E-5
1,866542E1;2,828317E-5;-4,686202E-5;2,804496E-5;-4,848641E-5;2,982253E-5;-4,742175E-5;2,763009E-5;-4,546138E-5;2,725208E-5;-4,723141E-5
1,873208E1;2,819832E-5;-4,684551E-5;2,796505E-5;-4,847969E-5;2,973753E-5;-4,741068E-5;2,754846E-5;-4,545144E-5;2,716819E-5;-4,722060E-5
1,879875E1;2,813378E-5;-4,684698E-5;2,790777E-5;-4,847084E-5;2,967421E-5;-4,740240E-5;2,748768E-5;-4,544131E-5;2,710417E-5;-4,721358E-5
1,886541E1;2,817377E-5;-4,684793E-5;2,794629E-5;-4,847463E-5;2,971342E-5;-4,740905E-5;2,752528E-5;-4,544637E-5;2,714712E-5;-4,721930E-5
1,893207E1;2,817464E-5;-4,685300E-5;2,794301E-5;-4,848078E-5;2,971540E-5;-4,740561E-5;2,752578E-5;-4,545219E-5;2,715244E-5;-4,722403E-5
1,899873E1;2,822121E-5;-4,682132E-5;2,799418E-5;-4,845445E-5;2,977033E-5;-4,737534E-5;2,757710E-5;-4,542263E-5;2,720614E-5;-4,719065E-5
1,906540E1;2,817563E-5;-4,683566E-5;2,795162E-5;-4,846833E-5;2,972343E-5;-4,739229E-5;2,753312E-5;-4,543709E-5;2,715374E-5;-4,720552E-5
1,913206E1;2,814577E-5;-4,683998E-5;2,791940E-5;-4,846986E-5;2,969587E-5;-4,739606E-5;2,750125E-5;-4,544031E-5;2,712351E-5;-4,721021E-5
1,919872E1;2,814528E-5;-4,683230E-5;2,791470E-5;-4,845582E-5;2,968919E-5;-4,738343E-5;2,749522E-5;-4,542584E-5;2,712046E-5;-4,719765E-5
1,926538E1;2,819358E-5;-4,681019E-5;2,796573E-5;-4,844470E-5;2,973778E-5;-4,737158E-5;2,754656E-5;-4,541508E-5;2,717071E-5;-4,718477E-5
1,933204E1;2,820750E-5;-4,686106E-5;2,797765E-5;-4,849411E-5;2,974173E-5;-4,742742E-5;2,755460E-5;-4,546481E-5;2,718017E-5;-4,723728E-5
1,939871E1;2,820465E-5;-4,687196E-5;2,797925E-5;-4,849582E-5;2,973849E-5;-4,743577E-5;2,755411E-5;-4,546842E-5;2,717642E-5;-4,723909E-5
1,946537E1;2,819166E-5;-4,687433E-5;2,796196E-5;-4,849579E-5;2,972577E-5;-4,743379E-5;2,754057E-5;-4,546861E-5;2,716238E-5;-4,724098E-5
1,953203E1;2,818307E-5;-4,686003E-5;2,795185E-5;-4,847830E-5;2,971783E-5;-4,741044E-5;2,753031E-5;-4,544811E-5;2,714913E-5;-4,721876E-5
1,959869E1;2,817460E-5;-4,684801E-5;2,794385E-5;-4,847239E-5;2,971482E-5;-4,740225E-5;2,752471E-5;-4,544201E-5;2,714568E-5;-4,721007E-5
1,966536E1;2,817514E-5;-4,685200E-5;2,793233E-5;-4,846506E-5;2,971237E-5;-4,739592E-5;2,751527E-5;-4,543612E-5;2,714216E-5;-4,720915E-5
1,973202E1;2,817980E-5;-4,684134E-5;2,794311E-5;-4,845889E-5;2,971348E-5;-4,739147E-5;2,752261E-5;-4,543217E-5;2,714796E-5;-4,720227E-5
1,979868E1;2,815178E-5;-4,681869E-5;2,791739E-5;-4,843104E-5;2,968711E-5;-4,735782E-5;2,749275E-5;-4,540178E-5;2,711622E-5;-4,717135E-5
1,986534E1;2,817957E-5;-4,684150E-5;2,793979E-5;-4,845078E-5;2,971197E-5;-4,738363E-5;2,751894E-5;-4,542422E-5;2,714598E-5;-4,719744E-5
1,993200E1;2,816243E-5;-4,686719E-5;2,793579E-5;-4,847904E-5;2,970178E-5;-4,741664E-5;2,751354E-5;-4,545291E-5;2,713466E-5;-4,722696E-5
1,999867E1;2,819697E-5;-4,684324E-5;2,795896E-5;-4,846236E-5;2,973078E-5;-4,739608E-5;2,754138E-5;-4,543413E-5;2,716521E-5;-4,720961E-5
2,006533E1;2,821657E-5;-4,684529E-5;2,796972E-5;-4,846916E-5;2,974529E-5;-4,739639E-5;2,755633E-5;-4,544077E-5;2,718338E-5;-4,721396E-5
2,013199E1;2,822692E-5;-4,684268E-5;2,798610E-5;-4,846243E-5;2,975310E-5;-4,739941E-5;2,756488E-5;-4,543643E-5;2,719427E-5;-4,721063E-5
2,019865E1;2,817817E-5;-4,685006E-5;2,793603E-5;-4,845721E-5;2,970264E-5;-4,739243E-5;2,751632E-5;-4,543227E-5;2,714256E-5;-4,720557E-5
2,026532E1;2,822058E-5;-4,684887E-5;2,797970E-5;-4,847346E-5;2,975718E-5;-4,740845E-5;2,756522E-5;-4,544728E-5;2,719404E-5;-4,722005E-5
2,033198E1;2,814860E-5;-4,684305E-5;2,790422E-5;-4,846071E-5;2,968106E-5;-4,738389E-5;2,748766E-5;-4,543125E-5;2,711569E-5;-4,720338E-5
2,039864E1;2,822523E-5;-4,685532E-5;2,798194E-5;-4,847865E-5;2,975383E-5;-4,740775E-5;2,756628E-5;-4,545172E-5;2,719457E-5;-4,722362E-5
2,046530E1;2,815567E-5;-4,685406E-5;2,791968E-5;-4,847403E-5;2,969246E-5;-4,740261E-5;2,750054E-5;-4,544682E-5;2,712026E-5;-4,721963E-5
2,053196E1;2,816200E-5;-4,683639E-5;2,793039E-5;-4,845426E-5;2,969595E-5;-4,738926E-5;2,750628E-5;-4,542779E-5;2,712694E-5;-4,720076E-5
2,059863E1;2,820501E-5;-4,683879E-5;2,797341E-5;-4,846736E-5;2,974094E-5;-4,739773E-5;2,754813E-5;-4,543986E-5;2,717256E-5;-4,720903E-5
2,066529E1;2,816596E-5;-4,685089E-5;2,793670E-5;-4,847921E-5;2,970960E-5;-4,741316E-5;2,751640E-5;-4,545207E-5;2,713888E-5;-4,722350E-5
2,073195E1;2,815438E-5;-4,687059E-5;2,793068E-5;-4,849368E-5;2,969822E-5;-4,742698E-5;2,750666E-5;-4,546672E-5;2,712668E-5;-4,723671E-5
2,079861E1;2,814913E-5;-4,681039E-5;2,793705E-5;-4,842710E-5;2,969211E-5;-4,735949E-5;2,750304E-5;-4,539923E-5;2,711938E-5;-4,717208E-5
2,086528E1;2,817713E-5;-4,685501E-5;2,796537E-5;-4,847337E-5;2,972497E-5;-4,740760E-5;2,753981E-5;-4,544665E-5;2,715429E-5;-4,722146E-5
2,093194E1;2,820621E-5;-4,689689E-5;2,798945E-5;-4,852428E-5;2,975900E-5;-4,745435E-5;2,757224E-5;-4,549741E-5;2,718683E-5;-4,726845E-5
2,099860E1;2,819579E-5;-4,685079E-5;2,796816E-5;-4,847197E-5;2,973704E-5;-4,740596E-5;2,755173E-5;-4,544501E-5;2,717142E-5;-4,721957E-5
2,106526E1;2,814375E-5;-4,683768E-5;2,793882E-5;-4,845485E-5;2,969489E-5;-4,738642E-5;2,751206E-5;-4,542741E-5;2,712283E-5;-4,720221E-5
2,113192E1;2,818540E-5;-4,686301E-5;2,795964E-5;-4,849546E-5;2,973278E-5;-4,742925E-5;2,754107E-5;-4,546831E-5;2,716654E-5;-4,724071E-5
2,119859E1;2,816005E-5;-4,685048E-5;2,792714E-5;-4,847723E-5;2,970725E-5;-4,741104E-5;2,751388E-5;-4,544916E-5;2,714073E-5;-4,722138E-5
2,126525E1;2,822408E-5;-4,687248E-5;2,799755E-5;-4,851125E-5;2,977310E-5;-4,743890E-5;2,758119E-5;-4,548071E-5;2,720955E-5;-4,725200E-5
2,133191E1;2,820663E-5;-4,686857E-5;2,797970E-5;-4,850700E-5;2,975623E-5;-4,743021E-5;2,756760E-5;-4,547492E-5;2,718901E-5;-4,724367E-5
2,139857E1;2,819120E-5;-4,684880E-5;2,795967E-5;-4,847234E-5;2,973900E-5;-4,740401E-5;2,754329E-5;-4,544281E-5;2,716936E-5;-4,721834E-5
2,146524E1;2,815394E-5;-4,685297E-5;2,791269E-5;-4,848295E-5;2,969204E-5;-4,741419E-5;2,749914E-5;-4,545013E-5;2,712699E-5;-4,722290E-5
2,153190E1;2,814274E-5;-4,683932E-5;2,791909E-5;-4,846233E-5;2,968859E-5;-4,739982E-5;2,749584E-5;-4,543185E-5;2,712026E-5;-4,720531E-5
2,159856E1;2,814572E-5;-4,683796E-5;2,791124E-5;-4,845763E-5;2,968495E-5;-4,739457E-5;2,749050E-5;-4,542848E-5;2,712245E-5;-4,720337E-5
2,166522E1;2,815395E-5;-4,684002E-5;2,791322E-5;-4,846268E-5;2,969504E-5;-4,739828E-5;2,749585E-5;-4,543203E-5;2,712693E-5;-4,720773E-5
2,173188E1;2,819581E-5;-4,683828E-5;2,795519E-5;-4,846160E-5;2,973007E-5;-4,739499E-5;2,753959E-5;-4,543138E-5;2,716843E-5;-4,720394E-5
2,179855E1;2,818234E-5;-4,684311E-5;2,795208E-5;-4,845719E-5;2,972559E-5;-4,739233E-5;2,753471E-5;-4,543020E-5;2,715633E-5;-4,720411E-5
2,186521E1;2,818106E-5;-4,685214E-5;2,795651E-5;-4,846794E-5;2,972297E-5;-4,740504E-5;2,753367E-5;-4,544286E-5;2,715345E-5;-4,721431E-5
2,193187E1;2,811898E-5;-4,682474E-5;2,790619E-5;-4,843582E-5;2,966470E-5;-4,736607E-5;2,748653E-5;-4,540731E-5;2,709566E-5;-4,717916E-5
2,199853E1;2,809083E-5;-4,682703E-5;2,792022E-5;-4,844630E-5;2,967905E-5;-4,737835E-5;2,749737E-5;-4,541860E-5;2,710928E-5;-4,719072E-5
2,206520E1;2,811524E-5;-4,682081E-5;2,796178E-5;-4,843525E-5;2,971700E-5;-4,737008E-5;2,754207E-5;-4,540742E-5;2,715072E-5;-4,718019E-5
2,213186E1;2,817053E-5;-4,684335E-5;2,801670E-5;-4,845529E-5;2,975524E-5;-4,739784E-5;2,758485E-5;-4,543085E-5;2,720401E-5;-4,720793E-5
2,219852E1;2,816511E-5;-4,684172E-5;2,803647E-5;-4,846636E-5;2,974209E-5;-4,740236E-5;2,757660E-5;-4,543824E-5;2,718629E-5;-4,721142E-5
2,226518E1;2,815709E-5;-4,686820E-5;2,803785E-5;-4,848258E-5;2,973375E-5;-4,741756E-5;2,756219E-5;-4,545988E-5;2,717195E-5;-4,723037E-5
2,233184E1;2,814915E-5;-4,682984E-5;2,802531E-5;-4,844610E-5;2,971538E-5;-4,738291E-5;2,753660E-5;-4,542247E-5;2,715309E-5;-4,719524E-5
2,239851E1;2,816621E-5;-4,683844E-5;2,804391E-5;-4,845506E-5;2,972741E-5;-4,739604E-5;2,754212E-5;-4,543036E-5;2,716410E-5;-4,720873E-5
2,246517E1;2,818987E-5;-4,686548E-5;2,806068E-5;-4,849047E-5;2,973368E-5;-4,742723E-5;2,755435E-5;-4,545989E-5;2,717780E-5;-4,723728E-5
2,253183E1;2,815389E-5;-4,685002E-5;2,803394E-5;-4,847946E-5;2,970469E-5;-4,741380E-5;2,752107E-5;-4,545217E-5;2,714041E-5;-4,722542E-5
2,259849E1;2,816723E-5;-4,684525E-5;2,804705E-5;-4,846892E-5;2,970736E-5;-4,740585E-5;2,752786E-5;-4,544448E-5;2,714653E-5;-4,721880E-5
2,266516E1;2,818191E-5;-4,687767E-5;2,805759E-5;-4,850354E-5;2,971245E-5;-4,743778E-5;2,754427E-5;-4,547858E-5;2,715870E-5;-4,725128E-5
2,273182E1;2,819111E-5;-4,686677E-5;2,805868E-5;-4,849491E-5;2,971649E-5;-4,742745E-5;2,754724E-5;-4,546983E-5;2,716733E-5;-4,724013E-5
2,279848E1;2,810224E-5;-4,683745E-5;2,799318E-5;-4,846485E-5;2,965659E-5;-4,739370E-5;2,747306E-5;-4,543402E-5;2,708573E-5;-4,720530E-5
2,286514E1;2,812436E-5;-4,684858E-5;2,800988E-5;-4,847706E-5;2,966811E-5;-4,741634E-5;2,751274E-5;-4,545534E-5;2,710153E-5;-4,721866E-5
2,293180E1;2,817810E-5;-4,683036E-5;2,806667E-5;-4,846779E-5;2,972393E-5;-4,740501E-5;2,755690E-5;-4,544258E-5;2,715826E-5;-4,720200E-5
2,299847E1;2,814071E-5;-4,685305E-5;2,801992E-5;-4,848459E-5;2,968535E-5;-4,741600E-5;2,751076E-5;-4,545579E-5;2,711823E-5;-4,722113E-5
2,306513E1;2,813479E-5;-4,685091E-5;2,801788E-5;-4,847710E-5;2,968330E-5;-4,741707E-5;2,749876E-5;-4,545097E-5;2,711272E-5;-4,721779E-5
2,313179E1;2,816442E-5;-4,684008E-5;2,803436E-5;-4,846221E-5;2,970227E-5;-4,740400E-5;2,751418E-5;-4,543781E-5;2,713689E-5;-4,720639E-5
2,319845E1;2,816405E-5;-4,681986E-5;2,803821E-5;-4,844375E-5;2,970133E-5;-4,738188E-5;2,751662E-5;-4,541820E-5;2,713743E-5;-4,718870E-5
2,326512E1;2,821086E-5;-4,685912E-5;2,809813E-5;-4,849949E-5;2,976125E-5;-4,742733E-5;2,757336E-5;-4,547147E-5;2,719299E-5;-4,723615E-5
2,333178E1;2,816929E-5;-4,682688E-5;2,806077E-5;-4,845961E-5;2,972430E-5;-4,738354E-5;2,753995E-5;-4,543149E-5;2,715040E-5;-4,719938E-5
2,339844E1;2,812064E-5;-4,680787E-5;2,800885E-5;-4,843031E-5;2,967665E-5;-4,735926E-5;2,748494E-5;-4,540464E-5;2,709839E-5;-4,717531E-5
2,346510E1;2,814183E-5;-4,681257E-5;2,802146E-5;-4,843427E-5;2,968198E-5;-4,736848E-5;2,749782E-5;-4,541046E-5;2,711364E-5;-4,717915E-5
2,353176E1;2,818334E-5;-4,686666E-5;2,807702E-5;-4,849910E-5;2,973192E-5;-4,742754E-5;2,754955E-5;-4,547257E-5;2,716226E-5;-4,723928E-5
2,359843E1;2,817137E-5;-4,686787E-5;2,805432E-5;-4,849438E-5;2,971411E-5;-4,742637E-5;2,753045E-5;-4,546782E-5;2,714869E-5;-4,723772E-5
2,366509E1;2,820085E-5;-4,684514E-5;2,806430E-5;-4,847692E-5;2,973164E-5;-4,741141E-5;2,754147E-5;-4,544952E-5;2,717451E-5;-4,721853E-5
2,373175E1;2,820274E-5;-4,683552E-5;2,806682E-5;-4,846675E-5;2,973353E-5;-4,740106E-5;2,754179E-5;-4,544081E-5;2,717452E-5;-4,721076E-5
2,379841E1;2,816672E-5;-4,686059E-5;2,804984E-5;-4,848181E-5;2,970387E-5;-4,741619E-5;2,752181E-5;-4,545693E-5;2,714007E-5;-4,723029E-5
2,386508E1;2,817444E-5;-4,681609E-5;2,805706E-5;-4,843931E-5;2,971438E-5;-4,737104E-5;2,753254E-5;-4,541404E-5;2,715028E-5;-4,718613E-5
2,393174E1;2,820078E-5;-4,686169E-5;2,808341E-5;-4,848661E-5;2,974135E-5;-4,741438E-5;2,755571E-5;-4,545767E-5;2,717733E-5;-4,723113E-5
2,399840E1;2,819738E-5;-4,685682E-5;2,807130E-5;-4,847775E-5;2,973927E-5;-4,740889E-5;2,754171E-5;-4,544867E-5;2,717417E-5;-4,722852E-5
2,406506E1;2,816331E-5;-4,684299E-5;2,804278E-5;-4,845766E-5;2,970848E-5;-4,739347E-5;2,751569E-5;-4,543271E-5;2,713835E-5;-4,720967E-5
2,413172E1;2,825786E-5;-4,684815E-5;2,812651E-5;-4,846029E-5;2,979424E-5;-4,740164E-5;2,760080E-5;-4,543896E-5;2,723362E-5;-4,721598E-5
2,419839E1;2,818669E-5;-4,683629E-5;2,807745E-5;-4,846118E-5;2,973182E-5;-4,739231E-5;2,754964E-5;-4,543386E-5;2,716503E-5;-4,720871E-5
2,426505E1;2,817798E-5;-4,685510E-5;2,806744E-5;-4,847903E-5;2,972443E-5;-4,740969E-5;2,754017E-5;-4,545163E-5;2,715751E-5;-4,722454E-5
2,433171E1;2,813851E-5;-4,684215E-5;2,802038E-5;-4,845825E-5;2,967921E-5;-4,739200E-5;2,749199E-5;-4,543446E-5;2,710810E-5;-4,721063E-5
2,439837E1;2,827441E-5;-4,685327E-5;2,814019E-5;-4,846755E-5;2,979934E-5;-4,740866E-5;2,761445E-5;-4,544666E-5;2,724324E-5;-4,722268E-5
2,446504E1;2,819286E-5;-4,684081E-5;2,807732E-5;-4,847442E-5;2,973508E-5;-4,740485E-5;2,754683E-5;-4,544355E-5;2,716456E-5;-4,721286E-5
2,453170E1;2,815537E-5;-4,682600E-5;2,804193E-5;-4,845384E-5;2,969573E-5;-4,738745E-5;2,751007E-5;-4,542562E-5;2,712559E-5;-4,719723E-5
2,459836E1;2,817544E-5;-4,685654E-5;2,805630E-5;-4,848329E-5;2,971479E-5;-4,741624E-5;2,752530E-5;-4,545640E-5;2,714686E-5;-4,722763E-5
2,466502E1;2,823202E-5;-4,687137E-5;2,809495E-5;-4,850012E-5;2,975928E-5;-4,743226E-5;2,756939E-5;-4,547220E-5;2,719833E-5;-4,724332E-5
2,473168E1;2,821630E-5;-4,685336E-5;2,807491E-5;-4,848136E-5;2,974757E-5;-4,741946E-5;2,754970E-5;-4,545387E-5;2,718773E-5;-4,722845E-5
2,479835E1;2,816739E-5;-4,685931E-5;2,802887E-5;-4,847538E-5;2,969813E-5;-4,741371E-5;2,750075E-5;-4,545073E-5;2,713471E-5;-4,722741E-5
2,486501E1;2,819666E-5;-4,684785E-5;2,806585E-5;-4,847298E-5;2,972993E-5;-4,740457E-5;2,753741E-5;-4,544536E-5;2,716527E-5;-4,721848E-5
2,493167E1;2,819778E-5;-4,684967E-5;2,806867E-5;-4,847418E-5;2,973385E-5;-4,740596E-5;2,754308E-5;-4,544840E-5;2,716582E-5;-4,722017E-5
2,499833E1;2,819224E-5;-4,684756E-5;2,806578E-5;-4,847329E-5;2,972736E-5;-4,740324E-5;2,753904E-5;-4,544564E-5;2,716043E-5;-4,721637E-5
2,506500E1;2,821062E-5;-4,686051E-5;2,808388E-5;-4,848971E-5;2,974703E-5;-4,742055E-5;2,755618E-5;-4,546068E-5;2,717985E-5;-4,723293E-5
2,513166E1;2,820954E-5;-4,686726E-5;2,809062E-5;-4,849636E-5;2,974779E-5;-4,743129E-5;2,756158E-5;-4,546725E-5;2,718313E-5;-4,723887E-5
2,519832E1;2,823380E-5;-4,687204E-5;2,810846E-5;-4,850178E-5;2,977783E-5;-4,743253E-5;2,757913E-5;-4,547121E-5;2,720826E-5;-4,724403E-5
2,526498E1;2,819939E-5;-4,685081E-5;2,806401E-5;-4,847764E-5;2,976043E-5;-4,741479E-5;2,753870E-5;-4,544956E-5;2,715892E-5;-4,722184E-5
2,533164E1;2,818965E-5;-4,686244E-5;2,806612E-5;-4,848750E-5;2,974981E-5;-4,742653E-5;2,753724E-5;-4,545832E-5;2,715616E-5;-4,723217E-5
2,539831E1;2,818699E-5;-4,686298E-5;2,804926E-5;-4,848429E-5;2,973102E-5;-4,742225E-5;2,752189E-5;-4,545804E-5;2,714610E-5;-4,723135E-5
2,546497E1;2,822042E-5;-4,684855E-5;2,808894E-5;-4,848239E-5;2,976571E-5;-4,741431E-5;2,755823E-5;-4,545101E-5;2,718495E-5;-4,722267E-5
2,553163E1;2,822696E-5;-4,686064E-5;2,812002E-5;-4,849775E-5;2,978441E-5;-4,741716E-5;2,758837E-5;-4,546211E-5;2,720468E-5;-4,723407E-5
2,559829E1;2,817244E-5;-4,686930E-5;2,806014E-5;-4,849451E-5;2,973866E-5;-4,742315E-5;2,755578E-5;-4,547203E-5;2,714147E-5;-4,723775E-5
2,566496E1;2,816747E-5;-4,685563E-5;2,805499E-5;-4,848011E-5;2,972973E-5;-4,740931E-5;2,754687E-5;-4,545698E-5;2,713942E-5;-4,722359E-5
2,573162E1;2,817992E-5;-4,686158E-5;2,806474E-5;-4,848821E-5;2,973686E-5;-4,741911E-5;2,755267E-5;-4,546578E-5;2,715072E-5;-4,723271E-5
2,579828E1;2,817525E-5;-4,683444E-5;2,804140E-5;-4,845501E-5;2,971270E-5;-4,738510E-5;2,752355E-5;-4,543000E-5;2,713593E-5;-4,719990E-5
2,586494E1;2,815707E-5;-4,686118E-5;2,802478E-5;-4,846775E-5;2,969539E-5;-4,739738E-5;2,751051E-5;-4,544419E-5;2,711790E-5;-4,722118E-5
2,593160E1;2,821598E-5;-4,688771E-5;2,809206E-5;-4,850167E-5;2,976450E-5;-4,743042E-5;2,757367E-5;-4,547298E-5;2,718540E-5;-4,725209E-5
2,599827E1;2,821619E-5;-4,685187E-5;2,808456E-5;-4,846584E-5;2,975163E-5;-4,739907E-5;2,756414E-5;-4,543828E-5;2,718197E-5;-4,721730E-5
2,606493E1;2,818254E-5;-4,685637E-5;2,805923E-5;-4,846592E-5;2,972680E-5;-4,739703E-5;2,753560E-5;-4,543840E-5;2,714585E-5;-4,721793E-5
2,613159E1;2,816174E-5;-4,686555E-5;2,804572E-5;-4,848556E-5;2,970665E-5;-4,741606E-5;2,752166E-5;-4,545870E-5;2,713086E-5;-4,722949E-5
2,619825E1;2,818772E-5;-4,685611E-5;2,807775E-5;-4,848650E-5;2,973796E-5;-4,741146E-5;2,755330E-5;-4,545922E-5;2,716452E-5;-4,722162E-5
2,626492E1;2,816558E-5;-4,684800E-5;2,804303E-5;-4,846635E-5;2,970477E-5;-4,739636E-5;2,751574E-5;-4,543839E-5;2,713786E-5;-4,721183E-5
2,633158E1;2,815891E-5;-4,683477E-5;2,803493E-5;-4,845584E-5;2,969753E-5;-4,738136E-5;2,751045E-5;-4,542661E-5;2,712898E-5;-4,719660E-5
2,639824E1;2,818426E-5;-4,684989E-5;2,805794E-5;-4,847623E-5;2,972037E-5;-4,740037E-5;2,753085E-5;-4,544544E-5;2,715124E-5;-4,721243E-5
2,646490E1;2,817917E-5;-4,682729E-5;2,804645E-5;-4,845177E-5;2,970174E-5;-4,738878E-5;2,752099E-5;-4,542500E-5;2,714220E-5;-4,719558E-5
2,653156E1;2,817613E-5;-4,685098E-5;2,804609E-5;-4,846864E-5;2,970515E-5;-4,741019E-5;2,751984E-5;-4,544282E-5;2,714430E-5;-4,721936E-5
2,659823E1;2,819798E-5;-4,682996E-5;2,807684E-5;-4,845303E-5;2,973178E-5;-4,739413E-5;2,754527E-5;-4,542571E-5;2,716785E-5;-4,720101E-5
2,666489E1;2,821168E-5;-4,694892E-5;2,805070E-5;-4,846444E-5;2,971498E-5;-4,739974E-5;2,752247E-5;-4,543689E-5;2,714944E-5;-4,721092E-5
