#multi:
;masa A;;masa B;;masa C;;masa D;;masa E;;
t;x;y;x;y;x;y;x;y;x;y;
0,000000E0;2,799253E-5;-4,726287E-5;2,754987E-5;-4,633095E-5;2,724699E-5;-4,791522E-5;2,897104E-5;-4,744926E-5;2,904094E-5;-4,626106E-5
6,666222E-2;2,798246E-5;-4,725627E-5;2,753899E-5;-4,632209E-5;2,723888E-5;-4,790578E-5;2,896143E-5;-4,744142E-5;2,903305E-5;-4,625219E-5
1,333244E-1;2,798308E-5;-4,723668E-5;2,753970E-5;-4,630208E-5;2,724248E-5;-4,788199E-5;2,895855E-5;-4,741903E-5;2,902947E-5;-4,622946E-5
1,999867E-1;2,797136E-5;-4,724002E-5;2,752832E-5;-4,630644E-5;2,722914E-5;-4,788737E-5;2,895007E-5;-4,742141E-5;2,902211E-5;-4,623210E-5
2,666489E-1;2,799533E-5;-4,723197E-5;2,755186E-5;-4,629918E-5;2,725164E-5;-4,788367E-5;2,897473E-5;-4,741487E-5;2,904405E-5;-4,622483E-5
3,333111E-1;2,797421E-5;-4,722937E-5;2,753041E-5;-4,629473E-5;2,723570E-5;-4,787273E-5;2,895364E-5;-4,741134E-5;2,902780E-5;-4,622331E-5
3,999733E-1;2,797380E-5;-4,725252E-5;2,753061E-5;-4,631890E-5;2,722855E-5;-4,790411E-5;2,895160E-5;-4,743474E-5;2,902357E-5;-4,624545E-5
4,666356E-1;2,796757E-5;-4,724981E-5;2,752535E-5;-4,631589E-5;2,722080E-5;-4,790086E-5;2,894444E-5;-4,743131E-5;2,901664E-5;-4,624357E-5
5,332978E-1;2,796385E-5;-4,724959E-5;2,752084E-5;-4,631819E-5;2,721918E-5;-4,790739E-5;2,894388E-5;-4,743587E-5;2,901452E-5;-4,624770E-5
5,999600E-1;2,796760E-5;-4,724986E-5;2,752497E-5;-4,631681E-5;2,722322E-5;-4,790170E-5;2,894735E-5;-4,743379E-5;2,901783E-5;-4,624573E-5
6,666222E-1;2,798491E-5;-4,725042E-5;2,754136E-5;-4,631926E-5;2,724625E-5;-4,790430E-5;2,896857E-5;-4,743553E-5;2,903972E-5;-4,624560E-5
7,332844E-1;2,799009E-5;-4,725621E-5;2,754636E-5;-4,632376E-5;2,724587E-5;-4,790641E-5;2,896992E-5;-4,744161E-5;2,903985E-5;-4,625229E-5
7,999467E-1;2,800710E-5;-4,724670E-5;2,756382E-5;-4,631524E-5;2,726416E-5;-4,789541E-5;2,898452E-5;-4,743016E-5;2,905657E-5;-4,623979E-5
8,666089E-1;2,799003E-5;-4,725540E-5;2,754754E-5;-4,632310E-5;2,724996E-5;-4,790842E-5;2,897089E-5;-4,744233E-5;2,904249E-5;-4,625295E-5
9,332711E-1;2,800160E-5;-4,726848E-5;2,755626E-5;-4,633571E-5;2,725303E-5;-4,791739E-5;2,897735E-5;-4,744834E-5;2,904814E-5;-4,625867E-5
9,999333E-1;2,796231E-5;-4,725730E-5;2,751950E-5;-4,632554E-5;2,722481E-5;-4,791034E-5;2,894636E-5;-4,744494E-5;2,901726E-5;-4,625540E-5
1,066596E0;2,800017E-5;-4,726473E-5;2,755760E-5;-4,633263E-5;2,726019E-5;-4,791982E-5;2,898461E-5;-4,745567E-5;2,905544E-5;-4,626635E-5
1,133258E0;2,799618E-5;-4,725447E-5;2,755333E-5;-4,632230E-5;2,725487E-5;-4,790617E-5;2,897829E-5;-4,744473E-5;2,904969E-5;-4,625568E-5
1,199920E0;2,797072E-5;-4,725489E-5;2,752797E-5;-4,632213E-5;2,722947E-5;-4,790822E-5;2,895394E-5;-4,744125E-5;2,902391E-5;-4,625251E-5
1,266582E0;2,795814E-5;-4,726847E-5;2,751754E-5;-4,633723E-5;2,722011E-5;-4,792495E-5;2,894620E-5;-4,745694E-5;2,901422E-5;-4,626899E-5
1,333244E0;2,798200E-5;-4,728147E-5;2,754118E-5;-4,634914E-5;2,724251E-5;-4,793383E-5;2,896837E-5;-4,746821E-5;2,903686E-5;-4,627844E-5
1,399907E0;2,801536E-5;-4,728296E-5;2,757270E-5;-4,635061E-5;2,726950E-5;-4,793657E-5;2,899666E-5;-4,747353E-5;2,906675E-5;-4,628507E-5
1,466569E0;2,801544E-5;-4,726985E-5;2,757226E-5;-4,633760E-5;2,726901E-5;-4,792278E-5;2,899403E-5;-4,745704E-5;2,906429E-5;-4,626889E-5
1,533231E0;2,797378E-5;-4,727816E-5;2,753194E-5;-4,634484E-5;2,723151E-5;-4,793100E-5;2,895553E-5;-4,746631E-5;2,902580E-5;-4,627779E-5
1,599893E0;2,797004E-5;-4,727141E-5;2,752796E-5;-4,633850E-5;2,723005E-5;-4,792130E-5;2,895102E-5;-4,745785E-5;2,902428E-5;-4,626910E-5
1,666556E0;2,797805E-5;-4,724412E-5;2,753521E-5;-4,631167E-5;2,724132E-5;-4,789620E-5;2,896213E-5;-4,743220E-5;2,903287E-5;-4,624354E-5
1,733218E0;2,798927E-5;-4,726189E-5;2,754721E-5;-4,633004E-5;2,724970E-5;-4,791592E-5;2,897249E-5;-4,744976E-5;2,904184E-5;-4,626254E-5
1,799880E0;2,799580E-5;-4,724961E-5;2,755229E-5;-4,631653E-5;2,724955E-5;-4,790008E-5;2,897230E-5;-4,743511E-5;2,904260E-5;-4,624729E-5
1,866542E0;2,795994E-5;-4,722719E-5;2,751683E-5;-4,629358E-5;2,722346E-5;-4,788044E-5;2,894242E-5;-4,741273E-5;2,901364E-5;-4,622509E-5
1,933204E0;2,779246E-5;-4,720886E-5;2,734899E-5;-4,627913E-5;2,705943E-5;-4,785942E-5;2,877351E-5;-4,739897E-5;2,884974E-5;-4,620860E-5
1,999867E0;2,796323E-5;-4,724606E-5;2,752107E-5;-4,631182E-5;2,722058E-5;-4,789705E-5;2,894185E-5;-4,743013E-5;2,901171E-5;-4,624118E-5
2,066529E0;2,799118E-5;-4,725240E-5;2,754841E-5;-4,631956E-5;2,724279E-5;-4,790513E-5;2,896570E-5;-4,743710E-5;2,903685E-5;-4,624857E-5
2,133191E0;2,799410E-5;-4,724900E-5;2,755120E-5;-4,631678E-5;2,724502E-5;-4,789946E-5;2,896737E-5;-4,743150E-5;2,903704E-5;-4,624243E-5
2,199853E0;2,799538E-5;-4,727447E-5;2,755399E-5;-4,634282E-5;2,725172E-5;-4,792478E-5;2,897354E-5;-4,746058E-5;2,904275E-5;-4,627096E-5
2,266516E0;2,800664E-5;-4,724654E-5;2,756496E-5;-4,631419E-5;2,726388E-5;-4,789521E-5;2,898269E-5;-4,742987E-5;2,905127E-5;-4,624070E-5
2,333178E0;2,798541E-5;-4,726918E-5;2,754419E-5;-4,633703E-5;2,724079E-5;-4,791851E-5;2,896351E-5;-4,745368E-5;2,903285E-5;-4,626512E-5
2,399840E0;2,798201E-5;-4,725094E-5;2,753913E-5;-4,631878E-5;2,724125E-5;-4,790224E-5;2,896116E-5;-4,743536E-5;2,903288E-5;-4,624557E-5
2,466502E0;2,798094E-5;-4,725474E-5;2,753884E-5;-4,632180E-5;2,723910E-5;-4,790419E-5;2,896138E-5;-4,743784E-5;2,903221E-5;-4,624815E-5
2,533164E0;2,798069E-5;-4,725868E-5;2,753767E-5;-4,632593E-5;2,723910E-5;-4,791004E-5;2,895977E-5;-4,744279E-5;2,903094E-5;-4,625363E-5
2,599827E0;2,795656E-5;-4,724572E-5;2,751413E-5;-4,631421E-5;2,721156E-5;-4,789327E-5;2,893061E-5;-4,742498E-5;2,899950E-5;-4,623522E-5
2,666489E0;2,796748E-5;-4,723417E-5;2,752799E-5;-4,630417E-5;2,722622E-5;-4,788210E-5;2,893739E-5;-4,741445E-5;2,900759E-5;-4,622158E-5
2,733151E0;2,801781E-5;-4,725858E-5;2,757408E-5;-4,632685E-5;2,727120E-5;-4,790662E-5;2,898916E-5;-4,744439E-5;2,905657E-5;-4,625474E-5
2,799813E0;2,798198E-5;-4,728023E-5;2,753943E-5;-4,634923E-5;2,723657E-5;-4,793482E-5;2,896284E-5;-4,746669E-5;2,903335E-5;-4,627868E-5
2,866476E0;2,799405E-5;-4,724940E-5;2,755207E-5;-4,631782E-5;2,724886E-5;-4,790491E-5;2,897305E-5;-4,743851E-5;2,904112E-5;-4,624893E-5
2,933138E0;2,800145E-5;-4,725322E-5;2,755946E-5;-4,632066E-5;2,726022E-5;-4,790279E-5;2,898485E-5;-4,743928E-5;2,905554E-5;-4,625014E-5
2,999800E0;2,799497E-5;-4,726561E-5;2,755308E-5;-4,633291E-5;2,725479E-5;-4,791872E-5;2,897837E-5;-4,744936E-5;2,905030E-5;-4,626066E-5
3,066462E0;2,796331E-5;-4,725691E-5;2,752067E-5;-4,632436E-5;2,722757E-5;-4,790812E-5;2,894830E-5;-4,744400E-5;2,902061E-5;-4,625184E-5
3,133124E0;2,794677E-5;-4,726341E-5;2,750280E-5;-4,633076E-5;2,720693E-5;-4,791447E-5;2,893016E-5;-4,744665E-5;2,900169E-5;-4,625652E-5
3,199787E0;2,795700E-5;-4,727154E-5;2,751508E-5;-4,633982E-5;2,721417E-5;-4,792444E-5;2,893915E-5;-4,745462E-5;2,901050E-5;-4,626372E-5
3,266449E0;2,796255E-5;-4,727039E-5;2,752075E-5;-4,633767E-5;2,721956E-5;-4,792401E-5;2,894488E-5;-4,745498E-5;2,901544E-5;-4,626823E-5
3,333111E0;2,800511E-5;-4,725494E-5;2,756257E-5;-4,632345E-5;2,726357E-5;-4,790354E-5;2,898385E-5;-4,744137E-5;2,905414E-5;-4,625178E-5
3,399773E0;2,798467E-5;-4,725251E-5;2,754229E-5;-4,632128E-5;2,723997E-5;-4,790134E-5;2,896145E-5;-4,743498E-5;2,903191E-5;-4,624536E-5
3,466436E0;2,799424E-5;-4,724349E-5;2,754962E-5;-4,631276E-5;2,724673E-5;-4,789726E-5;2,897182E-5;-4,742939E-5;2,904342E-5;-4,623977E-5
3,533098E0;2,801206E-5;-4,727016E-5;2,757086E-5;-4,633883E-5;2,726643E-5;-4,791724E-5;2,898830E-5;-4,745208E-5;2,905831E-5;-4,626175E-5
3,599760E0;2,799601E-5;-4,727747E-5;2,755150E-5;-4,634274E-5;2,724892E-5;-4,792559E-5;2,897329E-5;-4,745947E-5;2,904458E-5;-4,627064E-5
3,666422E0;2,799155E-5;-4,726158E-5;2,755079E-5;-4,632789E-5;2,725293E-5;-4,791221E-5;2,897274E-5;-4,744859E-5;2,904450E-5;-4,625891E-5
3,733084E0;2,795778E-5;-4,724588E-5;2,751648E-5;-4,631550E-5;2,722467E-5;-4,790109E-5;2,894177E-5;-4,743675E-5;2,901470E-5;-4,624651E-5
3,799747E0;2,794078E-5;-4,724231E-5;2,749848E-5;-4,631032E-5;2,720940E-5;-4,789472E-5;2,892692E-5;-4,742697E-5;2,900029E-5;-4,623759E-5
3,866409E0;2,798619E-5;-4,724349E-5;2,754328E-5;-4,631032E-5;2,724337E-5;-4,789412E-5;2,896328E-5;-4,743017E-5;2,903576E-5;-4,624124E-5
3,933071E0;2,798903E-5;-4,724889E-5;2,754547E-5;-4,631697E-5;2,724559E-5;-4,790013E-5;2,896679E-5;-4,743688E-5;2,903953E-5;-4,624714E-5
3,999733E0;2,799922E-5;-4,725794E-5;2,755661E-5;-4,632551E-5;2,725422E-5;-4,790538E-5;2,897347E-5;-4,744113E-5;2,904411E-5;-4,625062E-5
4,066396E0;2,801772E-5;-4,725639E-5;2,757494E-5;-4,632428E-5;2,727106E-5;-4,790224E-5;2,898914E-5;-4,743804E-5;2,906057E-5;-4,624780E-5
4,133058E0;2,799853E-5;-4,724698E-5;2,755505E-5;-4,631524E-5;2,725423E-5;-4,789847E-5;2,897657E-5;-4,743129E-5;2,904850E-5;-4,624138E-5
4,199720E0;2,799428E-5;-4,725896E-5;2,755170E-5;-4,632539E-5;2,724990E-5;-4,791347E-5;2,897342E-5;-4,744452E-5;2,904293E-5;-4,625509E-5
4,266382E0;2,797268E-5;-4,726241E-5;2,753030E-5;-4,633343E-5;2,723502E-5;-4,791789E-5;2,895365E-5;-4,744805E-5;2,902477E-5;-4,625664E-5
4,333044E0;2,800066E-5;-4,725313E-5;2,755824E-5;-4,631934E-5;2,725695E-5;-4,790196E-5;2,897620E-5;-4,743239E-5;2,904692E-5;-4,624161E-5
4,399707E0;2,799409E-5;-4,728161E-5;2,755304E-5;-4,634836E-5;2,725137E-5;-4,793120E-5;2,897368E-5;-4,746581E-5;2,904404E-5;-4,627644E-5
4,466369E0;2,799818E-5;-4,726932E-5;2,755585E-5;-4,633529E-5;2,725284E-5;-4,791756E-5;2,897766E-5;-4,745357E-5;2,905033E-5;-4,626518E-5
4,533031E0;2,798136E-5;-4,724646E-5;2,753907E-5;-4,631376E-5;2,723978E-5;-4,790097E-5;2,896245E-5;-4,743284E-5;2,903641E-5;-4,624346E-5
4,599693E0;2,797103E-5;-4,725756E-5;2,752494E-5;-4,632530E-5;2,722672E-5;-4,790725E-5;2,894878E-5;-4,743726E-5;2,902104E-5;-4,624938E-5
4,666356E0;2,798581E-5;-4,725806E-5;2,754483E-5;-4,632470E-5;2,724432E-5;-4,790293E-5;2,896161E-5;-4,743845E-5;2,903584E-5;-4,624530E-5
4,733018E0;2,798649E-5;-4,726003E-5;2,754358E-5;-4,632769E-5;2,723852E-5;-4,791235E-5;2,896236E-5;-4,744531E-5;2,903360E-5;-4,625593E-5
4,799680E0;2,797872E-5;-4,725090E-5;2,753752E-5;-4,631805E-5;2,723800E-5;-4,790031E-5;2,895874E-5;-4,743528E-5;2,903401E-5;-4,624561E-5
4,866342E0;2,797070E-5;-4,725587E-5;2,752936E-5;-4,632451E-5;2,722952E-5;-4,790724E-5;2,894779E-5;-4,743860E-5;2,901982E-5;-4,624872E-5
4,933004E0;2,799252E-5;-4,724629E-5;2,754832E-5;-4,631426E-5;2,725290E-5;-4,789825E-5;2,896924E-5;-4,743187E-5;2,904075E-5;-4,624359E-5
4,999667E0;2,799010E-5;-4,724173E-5;2,754876E-5;-4,630942E-5;2,725129E-5;-4,789371E-5;2,897016E-5;-4,743040E-5;2,904207E-5;-4,624081E-5
5,066329E0;2,796088E-5;-4,726084E-5;2,751952E-5;-4,632823E-5;2,722309E-5;-4,791317E-5;2,894504E-5;-4,744497E-5;2,901731E-5;-4,625682E-5
5,132991E0;2,797172E-5;-4,726292E-5;2,752893E-5;-4,633153E-5;2,723692E-5;-4,791479E-5;2,895857E-5;-4,745157E-5;2,903150E-5;-4,626047E-5
5,199653E0;2,795148E-5;-4,727081E-5;2,751010E-5;-4,633689E-5;2,721524E-5;-4,792696E-5;2,894076E-5;-4,745672E-5;2,901196E-5;-4,626904E-5
5,266316E0;2,794988E-5;-4,726936E-5;2,750790E-5;-4,633499E-5;2,721360E-5;-4,792499E-5;2,893584E-5;-4,745624E-5;2,901110E-5;-4,626716E-5
5,332978E0;2,795732E-5;-4,725241E-5;2,751572E-5;-4,632068E-5;2,722908E-5;-4,790514E-5;2,894455E-5;-4,744227E-5;2,901756E-5;-4,625323E-5
5,399640E0;2,801301E-5;-4,725558E-5;2,756956E-5;-4,632579E-5;2,726887E-5;-4,791070E-5;2,899251E-5;-4,744394E-5;2,906360E-5;-4,625608E-5
5,466302E0;2,799558E-5;-4,727333E-5;2,755298E-5;-4,634130E-5;2,725461E-5;-4,792749E-5;2,897984E-5;-4,746115E-5;2,905040E-5;-4,627280E-5
5,532964E0;2,800387E-5;-4,727567E-5;2,756106E-5;-4,634234E-5;2,725932E-5;-4,792381E-5;2,898392E-5;-4,746240E-5;2,905616E-5;-4,627293E-5
5,599627E0;2,798017E-5;-4,725743E-5;2,753816E-5;-4,632436E-5;2,723760E-5;-4,790517E-5;2,895831E-5;-4,743903E-5;2,902844E-5;-4,624909E-5
5,666289E0;2,797752E-5;-4,726383E-5;2,753403E-5;-4,633160E-5;2,723182E-5;-4,791241E-5;2,895444E-5;-4,744661E-5;2,902438E-5;-4,625611E-5
5,732951E0;2,799497E-5;-4,726438E-5;2,755353E-5;-4,632990E-5;2,724680E-5;-4,791407E-5;2,897506E-5;-4,744703E-5;2,904502E-5;-4,625744E-5
5,799613E0;2,800317E-5;-4,726675E-5;2,755990E-5;-4,633335E-5;2,726015E-5;-4,791750E-5;2,898396E-5;-4,745131E-5;2,905493E-5;-4,626246E-5
5,866276E0;2,796106E-5;-4,724505E-5;2,751996E-5;-4,631612E-5;2,722345E-5;-4,790315E-5;2,893915E-5;-4,743100E-5;2,901179E-5;-4,624169E-5
5,932938E0;2,795854E-5;-4,725478E-5;2,751635E-5;-4,632324E-5;2,721630E-5;-4,790836E-5;2,894164E-5;-4,743639E-5;2,901623E-5;-4,624810E-5
5,999600E0;2,794388E-5;-4,726843E-5;2,750054E-5;-4,633778E-5;2,720792E-5;-4,792211E-5;2,892900E-5;-4,745293E-5;2,900140E-5;-4,626196E-5
6,066262E0;2,801339E-5;-4,726126E-5;2,757200E-5;-4,632988E-5;2,726951E-5;-4,791184E-5;2,899221E-5;-4,744595E-5;2,906103E-5;-4,625647E-5
6,132924E0;2,803029E-5;-4,725512E-5;2,758690E-5;-4,632465E-5;2,728683E-5;-4,790452E-5;2,901193E-5;-4,744452E-5;2,908185E-5;-4,625239E-5
6,199587E0;2,799652E-5;-4,725340E-5;2,755413E-5;-4,632010E-5;2,724988E-5;-4,790993E-5;2,897509E-5;-4,743786E-5;2,904718E-5;-4,625018E-5
6,266249E0;2,796857E-5;-4,725206E-5;2,752703E-5;-4,632064E-5;2,722887E-5;-4,790222E-5;2,894877E-5;-4,743441E-5;2,902097E-5;-4,624736E-5
6,332911E0;2,799187E-5;-4,724690E-5;2,754806E-5;-4,631739E-5;2,724985E-5;-4,789973E-5;2,896990E-5;-4,743615E-5;2,904434E-5;-4,624482E-5
6,399573E0;2,799750E-5;-4,725877E-5;2,755399E-5;-4,632700E-5;2,725915E-5;-4,791044E-5;2,898082E-5;-4,744882E-5;2,905382E-5;-4,625839E-5
6,466236E0;2,801038E-5;-4,727054E-5;2,756909E-5;-4,633619E-5;2,727124E-5;-4,791818E-5;2,899210E-5;-4,745766E-5;2,906654E-5;-4,626750E-5
6,532898E0;2,802426E-5;-4,725476E-5;2,758323E-5;-4,632241E-5;2,728019E-5;-4,789942E-5;2,900191E-5;-4,743838E-5;2,907290E-5;-4,625051E-5
6,599560E0;2,799355E-5;-4,726647E-5;2,755150E-5;-4,633400E-5;2,725416E-5;-4,791415E-5;2,897639E-5;-4,745274E-5;2,904936E-5;-4,626373E-5
6,666222E0;2,800954E-5;-4,726275E-5;2,756666E-5;-4,633017E-5;2,726268E-5;-4,791412E-5;2,898360E-5;-4,744693E-5;2,905567E-5;-4,625812E-5
6,732884E0;2,799748E-5;-4,727069E-5;2,755574E-5;-4,633793E-5;2,725305E-5;-4,792025E-5;2,897677E-5;-4,745435E-5;2,904879E-5;-4,626642E-5
6,799547E0;2,799070E-5;-4,727598E-5;2,754967E-5;-4,634217E-5;2,724626E-5;-4,792753E-5;2,897102E-5;-4,746198E-5;2,904309E-5;-4,627373E-5
6,866209E0;2,800180E-5;-4,726688E-5;2,755997E-5;-4,633322E-5;2,726075E-5;-4,791706E-5;2,898501E-5;-4,745443E-5;2,905867E-5;-4,626589E-5
6,932871E0;2,800078E-5;-4,725668E-5;2,755871E-5;-4,632412E-5;2,725587E-5;-4,790981E-5;2,898167E-5;-4,743976E-5;2,905370E-5;-4,625336E-5
6,999533E0;2,800398E-5;-4,726597E-5;2,756264E-5;-4,633408E-5;2,725924E-5;-4,791810E-5;2,898353E-5;-4,745289E-5;2,905438E-5;-4,626464E-5
7,066196E0;2,799443E-5;-4,727128E-5;2,755265E-5;-4,633794E-5;2,725125E-5;-4,792220E-5;2,897294E-5;-4,745554E-5;2,904240E-5;-4,626592E-5
7,132858E0;2,799106E-5;-4,724343E-5;2,754937E-5;-4,631071E-5;2,725339E-5;-4,789200E-5;2,897058E-5;-4,742751E-5;2,904139E-5;-4,623499E-5
7,199520E0;2,797320E-5;-4,724361E-5;2,753222E-5;-4,631216E-5;2,723371E-5;-4,789494E-5;2,895143E-5;-4,742755E-5;2,902232E-5;-4,623906E-5
7,266182E0;2,796046E-5;-4,723609E-5;2,751789E-5;-4,630503E-5;2,722155E-5;-4,788722E-5;2,894208E-5;-4,742111E-5;2,901545E-5;-4,623255E-5
7,332844E0;2,797597E-5;-4,725269E-5;2,753202E-5;-4,632252E-5;2,723439E-5;-4,790706E-5;2,895702E-5;-4,744094E-5;2,902954E-5;-4,625151E-5
7,399507E0;2,795221E-5;-4,725727E-5;2,751016E-5;-4,632522E-5;2,721739E-5;-4,791423E-5;2,893912E-5;-4,744686E-5;2,901211E-5;-4,625905E-5
7,466169E0;2,795025E-5;-4,724159E-5;2,750822E-5;-4,631237E-5;2,721268E-5;-4,789600E-5;2,892981E-5;-4,742407E-5;2,900457E-5;-4,623492E-5
7,532831E0;2,794272E-5;-4,726212E-5;2,750181E-5;-4,633096E-5;2,720492E-5;-4,791386E-5;2,892666E-5;-4,744523E-5;2,899941E-5;-4,625669E-5
7,599493E0;2,799746E-5;-4,726521E-5;2,755545E-5;-4,633294E-5;2,725468E-5;-4,791749E-5;2,897906E-5;-4,745043E-5;2,904890E-5;-4,626035E-5
7,666156E0;2,799523E-5;-4,728246E-5;2,755404E-5;-4,634957E-5;2,725158E-5;-4,793658E-5;2,898102E-5;-4,747107E-5;2,905178E-5;-4,628132E-5
7,732818E0;2,802213E-5;-4,726521E-5;2,757944E-5;-4,633249E-5;2,727433E-5;-4,791886E-5;2,899959E-5;-4,745282E-5;2,907005E-5;-4,626438E-5
7,799480E0;2,793504E-5;-4,726441E-5;2,749496E-5;-4,633154E-5;2,719771E-5;-4,791358E-5;2,892367E-5;-4,745038E-5;2,899494E-5;-4,626193E-5
7,866142E0;2,798663E-5;-4,725687E-5;2,754428E-5;-4,632490E-5;2,724664E-5;-4,791155E-5;2,897237E-5;-4,744471E-5;2,904200E-5;-4,625769E-5
7,932804E0;2,795585E-5;-4,725431E-5;2,751294E-5;-4,632227E-5;2,721499E-5;-4,790691E-5;2,893627E-5;-4,744115E-5;2,900876E-5;-4,625307E-5
7,999467E0;2,797919E-5;-4,726232E-5;2,753638E-5;-4,633092E-5;2,723484E-5;-4,791413E-5;2,895759E-5;-4,744873E-5;2,902773E-5;-4,626095E-5
8,066129E0;2,798555E-5;-4,724388E-5;2,754217E-5;-4,631102E-5;2,724338E-5;-4,789423E-5;2,896451E-5;-4,742772E-5;2,903523E-5;-4,623918E-5
8,132791E0;2,798289E-5;-4,726961E-5;2,754058E-5;-4,633703E-5;2,724111E-5;-4,792045E-5;2,896436E-5;-4,745507E-5;2,903401E-5;-4,626564E-5
8,199453E0;2,798670E-5;-4,726391E-5;2,754434E-5;-4,633178E-5;2,724575E-5;-4,791230E-5;2,896567E-5;-4,744820E-5;2,903830E-5;-4,625905E-5
8,266116E0;2,798860E-5;-4,727363E-5;2,754543E-5;-4,633866E-5;2,724409E-5;-4,791974E-5;2,896805E-5;-4,745442E-5;2,903848E-5;-4,626575E-5
8,332778E0;2,801197E-5;-4,728068E-5;2,757019E-5;-4,634723E-5;2,726953E-5;-4,792694E-5;2,899286E-5;-4,746543E-5;2,906297E-5;-4,627707E-5
8,399440E0;2,799038E-5;-4,726320E-5;2,754820E-5;-4,633031E-5;2,724810E-5;-4,791264E-5;2,896997E-5;-4,744669E-5;2,903933E-5;-4,625859E-5
8,466102E0;2,796076E-5;-4,724564E-5;2,751816E-5;-4,631271E-5;2,722184E-5;-4,789789E-5;2,894047E-5;-4,742886E-5;2,901159E-5;-4,623864E-5
8,532764E0;2,795218E-5;-4,725607E-5;2,750842E-5;-4,632333E-5;2,721484E-5;-4,790115E-5;2,892822E-5;-4,743254E-5;2,899737E-5;-4,624320E-5
8,599427E0;2,799121E-5;-4,727203E-5;2,754895E-5;-4,633969E-5;2,725237E-5;-4,792401E-5;2,897636E-5;-4,745841E-5;2,904820E-5;-4,627164E-5
8,666089E0;2,798626E-5;-4,726443E-5;2,754561E-5;-4,633374E-5;2,724758E-5;-4,791533E-5;2,896758E-5;-4,745054E-5;2,903792E-5;-4,626213E-5
8,732751E0;2,798829E-5;-4,725640E-5;2,754993E-5;-4,632433E-5;2,725055E-5;-4,790641E-5;2,896658E-5;-4,743848E-5;2,903644E-5;-4,624815E-5
8,799413E0;2,798839E-5;-4,726586E-5;2,754711E-5;-4,633514E-5;2,725135E-5;-4,791753E-5;2,896869E-5;-4,745519E-5;2,904091E-5;-4,626533E-5
8,866076E0;2,799349E-5;-4,724878E-5;2,755292E-5;-4,631592E-5;2,725442E-5;-4,789697E-5;2,897242E-5;-4,743208E-5;2,904453E-5;-4,624276E-5
8,932738E0;2,801183E-5;-4,725571E-5;2,756950E-5;-4,632383E-5;2,726232E-5;-4,790572E-5;2,898851E-5;-4,744104E-5;2,905954E-5;-4,625198E-5
8,999400E0;2,795557E-5;-4,726725E-5;2,751378E-5;-4,633523E-5;2,721652E-5;-4,791877E-5;2,893701E-5;-4,745077E-5;2,900849E-5;-4,626192E-5
9,066062E0;2,801522E-5;-4,726102E-5;2,757387E-5;-4,632622E-5;2,727423E-5;-4,790914E-5;2,899396E-5;-4,744425E-5;2,906370E-5;-4,625512E-5
9,132724E0;2,801542E-5;-4,726425E-5;2,757316E-5;-4,633152E-5;2,726844E-5;-4,791432E-5;2,899370E-5;-4,744931E-5;2,906211E-5;-4,626076E-5
9,199387E0;2,798164E-5;-4,726561E-5;2,753939E-5;-4,633251E-5;2,723775E-5;-4,791457E-5;2,895989E-5;-4,744891E-5;2,903287E-5;-4,626024E-5
9,266049E0;2,796798E-5;-4,725997E-5;2,752659E-5;-4,632614E-5;2,723109E-5;-4,791019E-5;2,895030E-5;-4,744219E-5;2,902217E-5;-4,625237E-5
9,332711E0;2,798546E-5;-4,725650E-5;2,754145E-5;-4,632391E-5;2,724289E-5;-4,790743E-5;2,896442E-5;-4,744046E-5;2,903525E-5;-4,625249E-5
9,399373E0;2,801352E-5;-4,727885E-5;2,757014E-5;-4,634624E-5;2,726801E-5;-4,792718E-5;2,899244E-5;-4,746184E-5;2,906260E-5;-4,627268E-5
9,466036E0;2,801916E-5;-4,727320E-5;2,757641E-5;-4,633934E-5;2,727333E-5;-4,792065E-5;2,899581E-5;-4,745696E-5;2,906730E-5;-4,626746E-5
9,532698E0;2,799879E-5;-4,725209E-5;2,755701E-5;-4,632004E-5;2,725801E-5;-4,790002E-5;2,897579E-5;-4,743729E-5;2,904447E-5;-4,624677E-5
9,599360E0;2,793649E-5;-4,725448E-5;2,749390E-5;-4,632136E-5;2,719652E-5;-4,790432E-5;2,891378E-5;-4,743402E-5;2,898826E-5;-4,624494E-5
9,666022E0;2,797884E-5;-4,726748E-5;2,753628E-5;-4,633482E-5;2,723673E-5;-4,792195E-5;2,896019E-5;-4,745283E-5;2,903104E-5;-4,626441E-5
9,732684E0;2,800950E-5;-4,725402E-5;2,756626E-5;-4,632127E-5;2,726145E-5;-4,790731E-5;2,898723E-5;-4,743921E-5;2,905690E-5;-4,625062E-5
9,799347E0;2,798723E-5;-4,726688E-5;2,754630E-5;-4,633529E-5;2,724166E-5;-4,792162E-5;2,896676E-5;-4,745063E-5;2,903674E-5;-4,626175E-5
9,866009E0;2,798412E-5;-4,726403E-5;2,754195E-5;-4,633156E-5;2,723950E-5;-4,791649E-5;2,896434E-5;-4,744931E-5;2,903586E-5;-4,626096E-5
9,932671E0;2,797081E-5;-4,724720E-5;2,752944E-5;-4,631607E-5;2,722946E-5;-4,790157E-5;2,895227E-5;-4,743092E-5;2,902411E-5;-4,624340E-5
9,999333E0;2,797584E-5;-4,724464E-5;2,753454E-5;-4,631409E-5;2,723607E-5;-4,789429E-5;2,895408E-5;-4,742878E-5;2,902738E-5;-4,623821E-5
1,006600E1;2,800195E-5;-4,726496E-5;2,755977E-5;-4,633448E-5;2,725613E-5;-4,791556E-5;2,897897E-5;-4,745002E-5;2,904877E-5;-4,625931E-5
1,013266E1;2,801674E-5;-4,726736E-5;2,757571E-5;-4,633575E-5;2,726752E-5;-4,791656E-5;2,899010E-5;-4,745063E-5;2,905988E-5;-4,626304E-5
1,019932E1;2,798889E-5;-4,724555E-5;2,754708E-5;-4,631384E-5;2,724757E-5;-4,789327E-5;2,896517E-5;-4,742737E-5;2,903660E-5;-4,623798E-5
1,026598E1;2,794190E-5;-4,725122E-5;2,749814E-5;-4,632182E-5;2,720219E-5;-4,790863E-5;2,892329E-5;-4,743525E-5;2,899651E-5;-4,624748E-5
1,033264E1;2,794812E-5;-4,725682E-5;2,750509E-5;-4,632664E-5;2,721077E-5;-4,791180E-5;2,893267E-5;-4,744232E-5;2,900500E-5;-4,625330E-5
1,039931E1;2,800002E-5;-4,724648E-5;2,755813E-5;-4,631717E-5;2,725467E-5;-4,789837E-5;2,897346E-5;-4,743088E-5;2,904180E-5;-4,624219E-5
1,046597E1;2,799465E-5;-4,725610E-5;2,755336E-5;-4,632397E-5;2,725286E-5;-4,790877E-5;2,897392E-5;-4,743985E-5;2,904289E-5;-4,625059E-5
1,053263E1;2,798544E-5;-4,725820E-5;2,754432E-5;-4,632723E-5;2,724604E-5;-4,790993E-5;2,896658E-5;-4,744299E-5;2,903568E-5;-4,625369E-5
1,059929E1;2,796323E-5;-4,724292E-5;2,752047E-5;-4,631295E-5;2,722232E-5;-4,789413E-5;2,894069E-5;-4,742718E-5;2,901122E-5;-4,623891E-5
1,066596E1;2,795390E-5;-4,723321E-5;2,751220E-5;-4,630244E-5;2,722528E-5;-4,788489E-5;2,893751E-5;-4,741637E-5;2,901036E-5;-4,622801E-5
1,073262E1;2,802407E-5;-4,723786E-5;2,758522E-5;-4,630586E-5;2,728048E-5;-4,788616E-5;2,899939E-5;-4,742037E-5;2,906718E-5;-4,623186E-5
1,079928E1;2,800797E-5;-4,726376E-5;2,756455E-5;-4,633430E-5;2,725907E-5;-4,791966E-5;2,898238E-5;-4,745149E-5;2,904837E-5;-4,626328E-5
1,086594E1;2,799896E-5;-4,725485E-5;2,755575E-5;-4,632229E-5;2,724935E-5;-4,790898E-5;2,897377E-5;-4,744102E-5;2,904028E-5;-4,625197E-5
1,093260E1;2,795551E-5;-4,725678E-5;2,751197E-5;-4,632614E-5;2,721497E-5;-4,790860E-5;2,893388E-5;-4,743845E-5;2,900689E-5;-4,624883E-5
1,099927E1;2,795133E-5;-4,724493E-5;2,750935E-5;-4,631385E-5;2,720911E-5;-4,790095E-5;2,893399E-5;-4,743182E-5;2,900726E-5;-4,624349E-5
1,106593E1;2,798963E-5;-4,724923E-5;2,754906E-5;-4,631528E-5;2,725308E-5;-4,789686E-5;2,897148E-5;-4,743354E-5;2,904344E-5;-4,624384E-5
1,113259E1;2,797078E-5;-4,728825E-5;2,752864E-5;-4,635526E-5;2,723354E-5;-4,793928E-5;2,895824E-5;-4,747572E-5;2,903083E-5;-4,628483E-5
1,119925E1;2,798323E-5;-4,726679E-5;2,753986E-5;-4,633485E-5;2,724239E-5;-4,791734E-5;2,896383E-5;-4,745251E-5;2,903472E-5;-4,626361E-5
1,126592E1;2,799135E-5;-4,726219E-5;2,754954E-5;-4,633015E-5;2,725039E-5;-4,791305E-5;2,897252E-5;-4,744737E-5;2,904395E-5;-4,625906E-5
1,133258E1;2,797740E-5;-4,726583E-5;2,753453E-5;-4,633420E-5;2,723823E-5;-4,791690E-5;2,895829E-5;-4,745269E-5;2,903092E-5;-4,626357E-5
1,139924E1;2,801511E-5;-4,726292E-5;2,757072E-5;-4,633097E-5;2,726879E-5;-4,791007E-5;2,899215E-5;-4,744786E-5;2,906286E-5;-4,625688E-5
1,146590E1;2,799333E-5;-4,727830E-5;2,755058E-5;-4,634423E-5;2,724868E-5;-4,792551E-5;2,897380E-5;-4,746109E-5;2,904701E-5;-4,627201E-5
1,153256E1;2,798154E-5;-4,727747E-5;2,753784E-5;-4,634483E-5;2,724028E-5;-4,792382E-5;2,896137E-5;-4,746064E-5;2,903570E-5;-4,627067E-5
1,159923E1;2,799849E-5;-4,726100E-5;2,755733E-5;-4,632786E-5;2,724789E-5;-4,790826E-5;2,897231E-5;-4,744181E-5;2,904244E-5;-4,625379E-5
1,166589E1;2,797190E-5;-4,728009E-5;2,752997E-5;-4,634656E-5;2,722755E-5;-4,792355E-5;2,894844E-5;-4,745608E-5;2,902069E-5;-4,626590E-5
1,173255E1;2,793948E-5;-4,725174E-5;2,749645E-5;-4,631876E-5;2,720337E-5;-4,790377E-5;2,892761E-5;-4,743852E-5;2,900101E-5;-4,624893E-5
1,179921E1;2,797258E-5;-4,725277E-5;2,753121E-5;-4,632040E-5;2,723616E-5;-4,790650E-5;2,895793E-5;-4,743992E-5;2,903007E-5;-4,625184E-5
1,186588E1;2,799432E-5;-4,723622E-5;2,755111E-5;-4,630471E-5;2,725198E-5;-4,789127E-5;2,897354E-5;-4,741860E-5;2,904840E-5;-4,623193E-5
1,193254E1;2,800422E-5;-4,725061E-5;2,756334E-5;-4,631902E-5;2,725741E-5;-4,790555E-5;2,897906E-5;-4,743533E-5;2,904909E-5;-4,624687E-5
1,199920E1;2,801771E-5;-4,724729E-5;2,757651E-5;-4,631444E-5;2,727011E-5;-4,789696E-5;2,899202E-5;-4,743247E-5;2,906286E-5;-4,624397E-5
1,206586E1;2,800003E-5;-4,725206E-5;2,755903E-5;-4,632068E-5;2,726246E-5;-4,790215E-5;2,898089E-5;-4,743785E-5;2,905471E-5;-4,624660E-5
1,213252E1;2,798903E-5;-4,727054E-5;2,754796E-5;-4,633870E-5;2,724546E-5;-4,792776E-5;2,896856E-5;-4,745791E-5;2,903767E-5;-4,626750E-5
1,219919E1;2,794545E-5;-4,725364E-5;2,750380E-5;-4,632230E-5;2,721062E-5;-4,791384E-5;2,893534E-5;-4,744312E-5;2,900755E-5;-4,625666E-5
1,226585E1;2,787784E-5;-4,723198E-5;2,744722E-5;-4,630406E-5;2,719260E-5;-4,788972E-5;2,888982E-5;-4,741891E-5;2,898554E-5;-4,623315E-5
1,233251E1;2,784199E-5;-4,726866E-5;2,740552E-5;-4,633605E-5;2,719999E-5;-4,792194E-5;2,882105E-5;-4,745003E-5;2,898935E-5;-4,626126E-5
1,239917E1;2,785485E-5;-4,724218E-5;2,741532E-5;-4,630927E-5;2,721805E-5;-4,789898E-5;2,883870E-5;-4,742424E-5;2,900599E-5;-4,623946E-5
1,246584E1;2,782674E-5;-4,726273E-5;2,738720E-5;-4,632958E-5;2,719810E-5;-4,791768E-5;2,881936E-5;-4,744665E-5;2,899534E-5;-4,626150E-5
1,253250E1;2,786864E-5;-4,722462E-5;2,742753E-5;-4,629276E-5;2,723991E-5;-4,788374E-5;2,885767E-5;-4,741052E-5;2,903209E-5;-4,622398E-5
1,259916E1;2,785372E-5;-4,724413E-5;2,741177E-5;-4,631001E-5;2,722393E-5;-4,790053E-5;2,883528E-5;-4,742841E-5;2,901400E-5;-4,624257E-5
1,266582E1;2,787014E-5;-4,726565E-5;2,743017E-5;-4,633159E-5;2,723787E-5;-4,791618E-5;2,884924E-5;-4,744921E-5;2,902570E-5;-4,626170E-5
1,273248E1;2,793590E-5;-4,729857E-5;2,749605E-5;-4,636639E-5;2,727887E-5;-4,794425E-5;2,891158E-5;-4,747885E-5;2,907168E-5;-4,629047E-5
1,279915E1;2,789252E-5;-4,725386E-5;2,744898E-5;-4,632022E-5;2,723625E-5;-4,790722E-5;2,885160E-5;-4,743724E-5;2,903106E-5;-4,625027E-5
1,286581E1;2,789893E-5;-4,728457E-5;2,745479E-5;-4,635345E-5;2,723782E-5;-4,794113E-5;2,886285E-5;-4,747354E-5;2,903763E-5;-4,628651E-5
1,293247E1;2,782984E-5;-4,726519E-5;2,738431E-5;-4,633262E-5;2,720683E-5;-4,791437E-5;2,881489E-5;-4,744930E-5;2,900339E-5;-4,626006E-5
1,299913E1;2,790256E-5;-4,723541E-5;2,746112E-5;-4,630345E-5;2,726604E-5;-4,788623E-5;2,887864E-5;-4,741907E-5;2,906099E-5;-4,623130E-5
1,306580E1;2,787981E-5;-4,726868E-5;2,743709E-5;-4,633325E-5;2,724536E-5;-4,791785E-5;2,885998E-5;-4,744982E-5;2,904080E-5;-4,626033E-5
1,313246E1;2,788851E-5;-4,725136E-5;2,744794E-5;-4,631626E-5;2,725627E-5;-4,789958E-5;2,886753E-5;-4,743127E-5;2,904819E-5;-4,624322E-5
1,319912E1;2,791304E-5;-4,727092E-5;2,746938E-5;-4,633643E-5;2,726907E-5;-4,791782E-5;2,888398E-5;-4,745168E-5;2,906285E-5;-4,626413E-5
1,326578E1;2,791573E-5;-4,727003E-5;2,747306E-5;-4,633375E-5;2,727575E-5;-4,791518E-5;2,889201E-5;-4,744910E-5;2,906900E-5;-4,626104E-5
1,333244E1;2,783767E-5;-4,725332E-5;2,739736E-5;-4,631910E-5;2,721684E-5;-4,790542E-5;2,882741E-5;-4,743627E-5;2,901451E-5;-4,624757E-5
1,339911E1;2,779408E-5;-4,725724E-5;2,736084E-5;-4,632270E-5;2,719684E-5;-4,790862E-5;2,879942E-5;-4,744058E-5;2,898977E-5;-4,625299E-5
1,346577E1;2,785464E-5;-4,726195E-5;2,741264E-5;-4,632985E-5;2,724704E-5;-4,791389E-5;2,885746E-5;-4,744857E-5;2,904111E-5;-4,626039E-5
1,353243E1;2,785841E-5;-4,726454E-5;2,741689E-5;-4,633044E-5;2,724452E-5;-4,791534E-5;2,885603E-5;-4,745157E-5;2,903877E-5;-4,626317E-5
1,359909E1;2,786675E-5;-4,728642E-5;2,742343E-5;-4,635333E-5;2,724305E-5;-4,793636E-5;2,885369E-5;-4,747252E-5;2,903530E-5;-4,628285E-5
1,366576E1;2,788046E-5;-4,725711E-5;2,743835E-5;-4,632192E-5;2,725516E-5;-4,790896E-5;2,886390E-5;-4,743851E-5;2,904438E-5;-4,625123E-5
1,373242E1;2,787988E-5;-4,724749E-5;2,743695E-5;-4,631545E-5;2,724908E-5;-4,789882E-5;2,885801E-5;-4,743024E-5;2,904011E-5;-4,624069E-5
1,379908E1;2,786534E-5;-4,722235E-5;2,742129E-5;-4,628785E-5;2,723977E-5;-4,787382E-5;2,884734E-5;-4,740064E-5;2,902829E-5;-4,621433E-5
1,386574E1;2,782897E-5;-4,724422E-5;2,738860E-5;-4,631223E-5;2,721260E-5;-4,789538E-5;2,881653E-5;-4,742699E-5;2,900333E-5;-4,623839E-5
1,393240E1;2,785677E-5;-4,725378E-5;2,741443E-5;-4,632300E-5;2,723193E-5;-4,790956E-5;2,884487E-5;-4,743964E-5;2,903112E-5;-4,625249E-5
1,399907E1;2,787710E-5;-4,726348E-5;2,743509E-5;-4,633202E-5;2,725182E-5;-4,791641E-5;2,886010E-5;-4,745045E-5;2,904562E-5;-4,626275E-5
1,406573E1;2,786637E-5;-4,725638E-5;2,742339E-5;-4,632379E-5;2,723561E-5;-4,790975E-5;2,884858E-5;-4,744248E-5;2,903144E-5;-4,625519E-5
1,413239E1;2,784586E-5;-4,722848E-5;2,740355E-5;-4,629857E-5;2,722910E-5;-4,788611E-5;2,883289E-5;-4,741580E-5;2,901635E-5;-4,622738E-5
1,419905E1;2,781579E-5;-4,724740E-5;2,736715E-5;-4,631651E-5;2,720686E-5;-4,790934E-5;2,880135E-5;-4,743925E-5;2,899117E-5;-4,624991E-5
1,426572E1;2,782546E-5;-4,724899E-5;2,738356E-5;-4,631695E-5;2,722856E-5;-4,790268E-5;2,883326E-5;-4,743286E-5;2,901674E-5;-4,624524E-5
1,433238E1;2,776736E-5;-4,724272E-5;2,731447E-5;-4,631110E-5;2,720347E-5;-4,790419E-5;2,880526E-5;-4,743206E-5;2,899533E-5;-4,624553E-5
1,439904E1;2,774025E-5;-4,725752E-5;2,730072E-5;-4,632556E-5;2,720143E-5;-4,791188E-5;2,880756E-5;-4,744686E-5;2,899681E-5;-4,625912E-5
1,446570E1;2,784406E-5;-4,728304E-5;2,740392E-5;-4,634691E-5;2,726007E-5;-4,792891E-5;2,887295E-5;-4,746674E-5;2,905051E-5;-4,627654E-5
1,453236E1;2,784920E-5;-4,728331E-5;2,740839E-5;-4,634954E-5;2,725499E-5;-4,793316E-5;2,886597E-5;-4,746620E-5;2,904939E-5;-4,627875E-5
1,459903E1;2,794276E-5;-4,727121E-5;2,749947E-5;-4,633557E-5;2,729430E-5;-4,791972E-5;2,895134E-5;-4,745352E-5;2,909325E-5;-4,626793E-5
1,466569E1;2,794355E-5;-4,726260E-5;2,749589E-5;-4,632994E-5;2,727067E-5;-4,791462E-5;2,893747E-5;-4,744908E-5;2,906257E-5;-4,626393E-5
1,473235E1;2,784390E-5;-4,725271E-5;2,740207E-5;-4,631953E-5;2,721771E-5;-4,790232E-5;2,885490E-5;-4,744073E-5;2,901165E-5;-4,625081E-5
1,479901E1;2,779485E-5;-4,725407E-5;2,734941E-5;-4,632310E-5;2,719000E-5;-4,790495E-5;2,879553E-5;-4,743813E-5;2,897494E-5;-4,624845E-5
1,486568E1;2,789292E-5;-4,727371E-5;2,744681E-5;-4,634044E-5;2,725242E-5;-4,792531E-5;2,888839E-5;-4,745378E-5;2,902613E-5;-4,626496E-5
1,493234E1;2,789184E-5;-4,725877E-5;2,744852E-5;-4,632705E-5;2,724757E-5;-4,791283E-5;2,888062E-5;-4,744654E-5;2,903215E-5;-4,625941E-5
1,499900E1;2,786542E-5;-4,725805E-5;2,742349E-5;-4,632620E-5;2,724130E-5;-4,790750E-5;2,885812E-5;-4,744205E-5;2,902492E-5;-4,625326E-5
1,506566E1;2,788549E-5;-4,723513E-5;2,744294E-5;-4,630259E-5;2,725716E-5;-4,788728E-5;2,887466E-5;-4,741943E-5;2,904642E-5;-4,623146E-5
1,513232E1;2,794090E-5;-4,726546E-5;2,750256E-5;-4,633468E-5;2,728775E-5;-4,791106E-5;2,890948E-5;-4,744473E-5;2,907382E-5;-4,625751E-5
1,519899E1;2,789905E-5;-4,725600E-5;2,745897E-5;-4,632356E-5;2,723717E-5;-4,790587E-5;2,884966E-5;-4,744326E-5;2,902562E-5;-4,625472E-5
1,526565E1;2,798740E-5;-4,727209E-5;2,754245E-5;-4,634406E-5;2,728211E-5;-4,792008E-5;2,889910E-5;-4,744831E-5;2,907043E-5;-4,625764E-5
1,533231E1;2,796416E-5;-4,726347E-5;2,752263E-5;-4,633007E-5;2,725809E-5;-4,791721E-5;2,887410E-5;-4,744822E-5;2,904858E-5;-4,625910E-5
1,539897E1;2,795651E-5;-4,727276E-5;2,751253E-5;-4,634019E-5;2,724219E-5;-4,792855E-5;2,885428E-5;-4,745503E-5;2,903576E-5;-4,626549E-5
1,546564E1;2,794520E-5;-4,727248E-5;2,750173E-5;-4,633858E-5;2,723133E-5;-4,791458E-5;2,883783E-5;-4,745490E-5;2,902243E-5;-4,626416E-5
1,553230E1;2,797451E-5;-4,727848E-5;2,753224E-5;-4,634405E-5;2,724560E-5;-4,792430E-5;2,885955E-5;-4,746012E-5;2,903874E-5;-4,627033E-5
1,559896E1;2,799323E-5;-4,725747E-5;2,755382E-5;-4,632338E-5;2,725954E-5;-4,790719E-5;2,886981E-5;-4,743978E-5;2,904722E-5;-4,624953E-5
1,566562E1;2,799226E-5;-4,727206E-5;2,755019E-5;-4,633704E-5;2,725033E-5;-4,791830E-5;2,886861E-5;-4,745384E-5;2,904525E-5;-4,626429E-5
1,573228E1;2,797367E-5;-4,725884E-5;2,753194E-5;-4,632580E-5;2,723345E-5;-4,791306E-5;2,883872E-5;-4,744023E-5;2,901776E-5;-4,624889E-5
1,579895E1;2,799348E-5;-4,727266E-5;2,755089E-5;-4,633892E-5;2,725299E-5;-4,792239E-5;2,886208E-5;-4,745438E-5;2,904210E-5;-4,626445E-5
1,586561E1;2,800114E-5;-4,724239E-5;2,755711E-5;-4,631056E-5;2,725675E-5;-4,790103E-5;2,887206E-5;-4,743197E-5;2,905531E-5;-4,624296E-5
1,593227E1;2,798039E-5;-4,724559E-5;2,753760E-5;-4,631286E-5;2,724131E-5;-4,790392E-5;2,885441E-5;-4,743461E-5;2,903878E-5;-4,624739E-5
1,599893E1;2,800358E-5;-4,727085E-5;2,755929E-5;-4,633891E-5;2,725862E-5;-4,792659E-5;2,887136E-5;-4,745669E-5;2,905353E-5;-4,626918E-5
1,606560E1;2,797467E-5;-4,726361E-5;2,753135E-5;-4,633108E-5;2,723452E-5;-4,792142E-5;2,884603E-5;-4,745173E-5;2,903275E-5;-4,626480E-5
1,613226E1;2,788065E-5;-4,725831E-5;2,743673E-5;-4,632560E-5;2,716757E-5;-4,791453E-5;2,879531E-5;-4,744355E-5;2,898677E-5;-4,625524E-5
1,619892E1;2,784226E-5;-4,726083E-5;2,740678E-5;-4,632878E-5;2,712073E-5;-4,791439E-5;2,879939E-5;-4,744445E-5;2,898700E-5;-4,625549E-5
1,626558E1;2,789061E-5;-4,724986E-5;2,745335E-5;-4,631651E-5;2,715020E-5;-4,790509E-5;2,883387E-5;-4,743503E-5;2,902018E-5;-4,624640E-5
1,633224E1;2,793038E-5;-4,721924E-5;2,748505E-5;-4,628807E-5;2,718104E-5;-4,788232E-5;2,886318E-5;-4,741144E-5;2,904684E-5;-4,622444E-5
1,639891E1;2,789829E-5;-4,725292E-5;2,745740E-5;-4,632067E-5;2,716149E-5;-4,790821E-5;2,885896E-5;-4,744093E-5;2,904296E-5;-4,625294E-5
1,646557E1;2,789870E-5;-4,725015E-5;2,745666E-5;-4,631749E-5;2,715523E-5;-4,790252E-5;2,886294E-5;-4,743802E-5;2,904564E-5;-4,625132E-5
1,653223E1;2,787266E-5;-4,725409E-5;2,743211E-5;-4,632074E-5;2,713259E-5;-4,791067E-5;2,884701E-5;-4,744215E-5;2,903134E-5;-4,625639E-5
1,659889E1;2,786886E-5;-4,726207E-5;2,742825E-5;-4,632827E-5;2,713187E-5;-4,791125E-5;2,884416E-5;-4,744581E-5;2,902923E-5;-4,625931E-5
1,666556E1;2,784553E-5;-4,725689E-5;2,740568E-5;-4,632308E-5;2,710416E-5;-4,790915E-5;2,882661E-5;-4,744086E-5;2,901348E-5;-4,625246E-5
1,673222E1;2,785269E-5;-4,726127E-5;2,740968E-5;-4,632870E-5;2,710970E-5;-4,791463E-5;2,883284E-5;-4,744845E-5;2,901730E-5;-4,626095E-5
1,679888E1;2,790668E-5;-4,728482E-5;2,746264E-5;-4,635124E-5;2,715418E-5;-4,793567E-5;2,888589E-5;-4,747250E-5;2,906434E-5;-4,628549E-5
1,686554E1;2,789449E-5;-4,727454E-5;2,745222E-5;-4,633901E-5;2,714865E-5;-4,792484E-5;2,887381E-5;-4,745931E-5;2,905551E-5;-4,627209E-5
1,693220E1;2,788217E-5;-4,725910E-5;2,744103E-5;-4,632588E-5;2,713902E-5;-4,791360E-5;2,886226E-5;-4,744590E-5;2,904141E-5;-4,625932E-5
1,699887E1;2,787620E-5;-4,727971E-5;2,743452E-5;-4,634681E-5;2,713242E-5;-4,793317E-5;2,885982E-5;-4,746487E-5;2,904151E-5;-4,627652E-5
1,706553E1;2,783821E-5;-4,725436E-5;2,739482E-5;-4,632239E-5;2,709843E-5;-4,791112E-5;2,882178E-5;-4,743948E-5;2,900724E-5;-4,625232E-5
1,713219E1;2,787430E-5;-4,725971E-5;2,742915E-5;-4,632701E-5;2,712417E-5;-4,791543E-5;2,885112E-5;-4,744599E-5;2,903240E-5;-4,625744E-5
1,719885E1;2,784905E-5;-4,723375E-5;2,740421E-5;-4,630108E-5;2,710540E-5;-4,788673E-5;2,882368E-5;-4,741612E-5;2,900399E-5;-4,622959E-5
1,726552E1;2,789835E-5;-4,728540E-5;2,745430E-5;-4,635050E-5;2,714208E-5;-4,793235E-5;2,886952E-5;-4,746430E-5;2,904508E-5;-4,627540E-5
1,733218E1;2,785323E-5;-4,725799E-5;2,741077E-5;-4,632617E-5;2,711214E-5;-4,791404E-5;2,883245E-5;-4,744542E-5;2,901597E-5;-4,625841E-5
1,739884E1;2,786604E-5;-4,724219E-5;2,742463E-5;-4,630792E-5;2,712300E-5;-4,789312E-5;2,884225E-5;-4,742371E-5;2,902407E-5;-4,623472E-5
1,746550E1;2,788454E-5;-4,724763E-5;2,744212E-5;-4,631370E-5;2,714229E-5;-4,789505E-5;2,886059E-5;-4,743312E-5;2,903809E-5;-4,624356E-5
1,753216E1;2,788161E-5;-4,726652E-5;2,744027E-5;-4,633280E-5;2,713733E-5;-4,791554E-5;2,886335E-5;-4,745024E-5;2,904399E-5;-4,626172E-5
1,759883E1;2,790021E-5;-4,728586E-5;2,745854E-5;-4,635272E-5;2,715812E-5;-4,793787E-5;2,888463E-5;-4,747722E-5;2,905684E-5;-4,628850E-5
1,766549E1;2,785825E-5;-4,725457E-5;2,741489E-5;-4,632146E-5;2,711227E-5;-4,790681E-5;2,883837E-5;-4,744108E-5;2,902057E-5;-4,625057E-5
1,773215E1;2,783376E-5;-4,722654E-5;2,739553E-5;-4,629473E-5;2,709658E-5;-4,787771E-5;2,881502E-5;-4,741240E-5;2,900353E-5;-4,622414E-5
1,779881E1;2,787751E-5;-4,725746E-5;2,743543E-5;-4,632491E-5;2,713564E-5;-4,790989E-5;2,885708E-5;-4,744309E-5;2,903852E-5;-4,625666E-5
1,786548E1;2,768395E-5;-4,722455E-5;2,724319E-5;-4,629230E-5;2,695186E-5;-4,787912E-5;2,866815E-5;-4,741349E-5;2,885712E-5;-4,622971E-5
1,793214E1;2,776135E-5;-4,724664E-5;2,733027E-5;-4,631220E-5;2,704810E-5;-4,789498E-5;2,875146E-5;-4,743218E-5;2,892897E-5;-4,624414E-5
1,799880E1;2,781207E-5;-4,725066E-5;2,736738E-5;-4,631838E-5;2,707315E-5;-4,790645E-5;2,879974E-5;-4,743656E-5;2,898710E-5;-4,624664E-5
1,806546E1;2,776659E-5;-4,723555E-5;2,732876E-5;-4,630074E-5;2,709823E-5;-4,788822E-5;2,881409E-5;-4,742499E-5;2,900595E-5;-4,623606E-5
1,813212E1;2,776353E-5;-4,726929E-5;2,732035E-5;-4,633632E-5;2,708985E-5;-4,791996E-5;2,881214E-5;-4,745599E-5;2,899958E-5;-4,626720E-5
1,819879E1;2,779059E-5;-4,724791E-5;2,734890E-5;-4,631577E-5;2,713407E-5;-4,790046E-5;2,885997E-5;-4,743364E-5;2,904208E-5;-4,624396E-5
1,826545E1;2,782221E-5;-4,725433E-5;2,738045E-5;-4,632027E-5;2,716102E-5;-4,790600E-5;2,889095E-5;-4,744167E-5;2,906686E-5;-4,625544E-5
1,833211E1;2,789154E-5;-4,725854E-5;2,745263E-5;-4,632629E-5;2,717071E-5;-4,791177E-5;2,889702E-5;-4,744796E-5;2,907210E-5;-4,626087E-5
1,839877E1;2,786793E-5;-4,728054E-5;2,742707E-5;-4,634667E-5;2,714405E-5;-4,793351E-5;2,887086E-5;-4,746553E-5;2,904632E-5;-4,627869E-5
1,846544E1;2,781335E-5;-4,727423E-5;2,737626E-5;-4,633814E-5;2,710224E-5;-4,792152E-5;2,882452E-5;-4,745694E-5;2,900982E-5;-4,627081E-5
1,853210E1;2,775094E-5;-4,722681E-5;2,735337E-5;-4,629505E-5;2,709082E-5;-4,788350E-5;2,881293E-5;-4,741767E-5;2,899921E-5;-4,623361E-5
1,859876E1;2,772585E-5;-4,723750E-5;2,730138E-5;-4,630568E-5;2,707912E-5;-4,789585E-5;2,880480E-5;-4,742665E-5;2,899183E-5;-4,624296E-5
1,866542E1;2,777761E-5;-4,725465E-5;2,735641E-5;-4,632449E-5;2,712391E-5;-4,790667E-5;2,884796E-5;-4,743974E-5;2,903097E-5;-4,625413E-5
1,873208E1;2,780124E-5;-4,725314E-5;2,737923E-5;-4,632014E-5;2,715254E-5;-4,790707E-5;2,887408E-5;-4,744247E-5;2,905141E-5;-4,625550E-5
1,879875E1;2,783707E-5;-4,725233E-5;2,745540E-5;-4,632123E-5;2,717240E-5;-4,790593E-5;2,889720E-5;-4,743967E-5;2,907330E-5;-4,625133E-5
1,886541E1;2,779322E-5;-4,725975E-5;2,739879E-5;-4,632345E-5;2,712841E-5;-4,790997E-5;2,885036E-5;-4,744309E-5;2,903151E-5;-4,625656E-5
1,893207E1;2,773591E-5;-4,724902E-5;2,734022E-5;-4,631859E-5;2,709388E-5;-4,790428E-5;2,881107E-5;-4,743300E-5;2,899751E-5;-4,624702E-5
1,899873E1;2,778744E-5;-4,725942E-5;2,739293E-5;-4,632702E-5;2,714044E-5;-4,791081E-5;2,886300E-5;-4,744621E-5;2,904571E-5;-4,625973E-5
1,906540E1;2,776879E-5;-4,724391E-5;2,739965E-5;-4,631074E-5;2,713473E-5;-4,789660E-5;2,885474E-5;-4,742981E-5;2,903793E-5;-4,624375E-5
1,913206E1;2,772646E-5;-4,724422E-5;2,734351E-5;-4,631018E-5;2,710506E-5;-4,789506E-5;2,881802E-5;-4,742889E-5;2,900964E-5;-4,624130E-5
1,919872E1;2,773874E-5;-4,724171E-5;2,732959E-5;-4,631187E-5;2,710753E-5;-4,789879E-5;2,882585E-5;-4,743143E-5;2,900941E-5;-4,624624E-5
1,926538E1;2,776169E-5;-4,724836E-5;2,734807E-5;-4,631637E-5;2,712931E-5;-4,790165E-5;2,885262E-5;-4,743150E-5;2,903645E-5;-4,624336E-5
1,933204E1;2,775027E-5;-4,724369E-5;2,732297E-5;-4,631341E-5;2,712260E-5;-4,789793E-5;2,884401E-5;-4,742980E-5;2,902633E-5;-4,624370E-5
1,939871E1;2,776157E-5;-4,723029E-5;2,733028E-5;-4,629770E-5;2,713088E-5;-4,788431E-5;2,885297E-5;-4,741707E-5;2,903559E-5;-4,622913E-5
1,946537E1;2,775895E-5;-4,727433E-5;2,732466E-5;-4,634083E-5;2,712765E-5;-4,792554E-5;2,885298E-5;-4,745767E-5;2,903510E-5;-4,626929E-5
1,953203E1;2,773927E-5;-4,726398E-5;2,730459E-5;-4,633087E-5;2,711190E-5;-4,791422E-5;2,883154E-5;-4,745206E-5;2,901806E-5;-4,626427E-5
1,959869E1;2,774391E-5;-4,727240E-5;2,730665E-5;-4,633946E-5;2,711177E-5;-4,792454E-5;2,883771E-5;-4,745889E-5;2,902271E-5;-4,627281E-5
1,966536E1;2,778204E-5;-4,724956E-5;2,734600E-5;-4,631631E-5;2,715248E-5;-4,790132E-5;2,887157E-5;-4,743746E-5;2,905285E-5;-4,624957E-5
1,973202E1;2,777387E-5;-4,727464E-5;2,733735E-5;-4,633915E-5;2,714474E-5;-4,792176E-5;2,886595E-5;-4,745802E-5;2,904675E-5;-4,626766E-5
1,979868E1;2,773250E-5;-4,726001E-5;2,729222E-5;-4,632637E-5;2,709623E-5;-4,790984E-5;2,882129E-5;-4,744380E-5;2,900793E-5;-4,625703E-5
1,986534E1;2,776218E-5;-4,723420E-5;2,731956E-5;-4,630254E-5;2,712236E-5;-4,788977E-5;2,884839E-5;-4,741887E-5;2,902808E-5;-4,623207E-5
1,993200E1;2,776979E-5;-4,721704E-5;2,732995E-5;-4,628465E-5;2,713815E-5;-4,787865E-5;2,886379E-5;-4,739765E-5;2,904513E-5;-4,621285E-5
1,999867E1;2,779140E-5;-4,728216E-5;2,735267E-5;-4,634935E-5;2,715806E-5;-4,793202E-5;2,888478E-5;-4,746927E-5;2,906018E-5;-4,628118E-5
2,006533E1;2,779436E-5;-4,728855E-5;2,735742E-5;-4,635570E-5;2,715663E-5;-4,793891E-5;2,888758E-5;-4,747747E-5;2,906305E-5;-4,629128E-5
2,013199E1;2,776678E-5;-4,725843E-5;2,732571E-5;-4,632506E-5;2,713842E-5;-4,791283E-5;2,886577E-5;-4,744645E-5;2,904803E-5;-4,625975E-5
2,019865E1;2,776393E-5;-4,725354E-5;2,732283E-5;-4,631894E-5;2,713428E-5;-4,790714E-5;2,886148E-5;-4,743915E-5;2,904658E-5;-4,625081E-5
2,026532E1;2,775571E-5;-4,726565E-5;2,731406E-5;-4,633183E-5;2,712237E-5;-4,791969E-5;2,884808E-5;-4,745514E-5;2,903272E-5;-4,626781E-5
2,033198E1;2,774762E-5;-4,725756E-5;2,730711E-5;-4,632372E-5;2,711599E-5;-4,790931E-5;2,883725E-5;-4,744661E-5;2,902366E-5;-4,625935E-5
2,039864E1;2,775505E-5;-4,726666E-5;2,731143E-5;-4,633006E-5;2,712156E-5;-4,791636E-5;2,884632E-5;-4,744924E-5;2,902931E-5;-4,626008E-5
2,046530E1;2,776931E-5;-4,727460E-5;2,732616E-5;-4,634037E-5;2,713276E-5;-4,792338E-5;2,885829E-5;-4,745818E-5;2,903704E-5;-4,626889E-5
2,053196E1;2,777532E-5;-4,727881E-5;2,733239E-5;-4,634273E-5;2,714343E-5;-4,792644E-5;2,887028E-5;-4,745994E-5;2,904962E-5;-4,626999E-5
2,059863E1;2,776217E-5;-4,726602E-5;2,732068E-5;-4,632871E-5;2,713210E-5;-4,791124E-5;2,885515E-5;-4,744424E-5;2,903626E-5;-4,625633E-5
2,066529E1;2,777525E-5;-4,727765E-5;2,733391E-5;-4,634174E-5;2,714240E-5;-4,792452E-5;2,886692E-5;-4,745986E-5;2,904736E-5;-4,627056E-5
2,073195E1;2,774264E-5;-4,724244E-5;2,730264E-5;-4,631022E-5;2,711131E-5;-4,789590E-5;2,883384E-5;-4,743054E-5;2,901690E-5;-4,624513E-5
2,079861E1;2,777963E-5;-4,725102E-5;2,733708E-5;-4,631849E-5;2,714693E-5;-4,790320E-5;2,887119E-5;-4,743488E-5;2,905308E-5;-4,624701E-5
2,086528E1;2,775330E-5;-4,725977E-5;2,731267E-5;-4,632625E-5;2,712274E-5;-4,790785E-5;2,884530E-5;-4,744348E-5;2,902724E-5;-4,625405E-5
2,093194E1;2,774240E-5;-4,724356E-5;2,730202E-5;-4,630855E-5;2,711056E-5;-4,789122E-5;2,883060E-5;-4,742322E-5;2,901188E-5;-4,623622E-5
2,099860E1;2,776234E-5;-4,725358E-5;2,732273E-5;-4,631619E-5;2,713599E-5;-4,789737E-5;2,885362E-5;-4,743466E-5;2,903469E-5;-4,624597E-5
2,106526E1;2,776717E-5;-4,728405E-5;2,732496E-5;-4,634563E-5;2,713649E-5;-4,792582E-5;2,885973E-5;-4,746375E-5;2,904118E-5;-4,627670E-5
2,113192E1;2,776262E-5;-4,730990E-5;2,732055E-5;-4,637504E-5;2,712604E-5;-4,795365E-5;2,885384E-5;-4,749549E-5;2,903135E-5;-4,630622E-5
2,119859E1;2,775893E-5;-4,726360E-5;2,731733E-5;-4,632587E-5;2,713456E-5;-4,790604E-5;2,885338E-5;-4,744355E-5;2,903651E-5;-4,625284E-5
2,126525E1;2,775176E-5;-4,725367E-5;2,730961E-5;-4,631928E-5;2,712833E-5;-4,790117E-5;2,885470E-5;-4,743629E-5;2,903832E-5;-4,624733E-5
2,133191E1;2,773868E-5;-4,725688E-5;2,729652E-5;-4,632407E-5;2,711223E-5;-4,790074E-5;2,884206E-5;-4,743612E-5;2,902682E-5;-4,624810E-5
2,139857E1;2,771169E-5;-4,724131E-5;2,727106E-5;-4,630566E-5;2,708713E-5;-4,789777E-5;2,880467E-5;-4,742075E-5;2,900073E-5;-4,623269E-5
2,146524E1;2,772047E-5;-4,725753E-5;2,727978E-5;-4,632469E-5;2,708604E-5;-4,791777E-5;2,881291E-5;-4,744319E-5;2,900400E-5;-4,625593E-5
2,153190E1;2,773483E-5;-4,727664E-5;2,729204E-5;-4,634053E-5;2,709553E-5;-4,792823E-5;2,882441E-5;-4,745290E-5;2,900875E-5;-4,626397E-5
2,159856E1;2,776876E-5;-4,725057E-5;2,732650E-5;-4,631666E-5;2,713541E-5;-4,790801E-5;2,885945E-5;-4,743786E-5;2,904145E-5;-4,625250E-5
2,166522E1;2,776664E-5;-4,725771E-5;2,733181E-5;-4,632066E-5;2,714762E-5;-4,790627E-5;2,885936E-5;-4,744359E-5;2,903868E-5;-4,625508E-5
2,173188E1;2,774816E-5;-4,724526E-5;2,730856E-5;-4,630805E-5;2,711201E-5;-4,789453E-5;2,883147E-5;-4,742713E-5;2,901329E-5;-4,624138E-5
2,179855E1;2,775021E-5;-4,725837E-5;2,730988E-5;-4,632351E-5;2,711191E-5;-4,791253E-5;2,884170E-5;-4,744661E-5;2,902312E-5;-4,625779E-5
2,186521E1;2,771884E-5;-4,729088E-5;2,727989E-5;-4,635312E-5;2,708527E-5;-4,793808E-5;2,881516E-5;-4,746832E-5;2,900202E-5;-4,628196E-5
2,193187E1;2,773576E-5;-4,729093E-5;2,729841E-5;-4,635753E-5;2,710373E-5;-4,794437E-5;2,882852E-5;-4,747272E-5;2,901440E-5;-4,628543E-5
2,199853E1;2,775985E-5;-4,726040E-5;2,731956E-5;-4,632438E-5;2,713074E-5;-4,791135E-5;2,885423E-5;-4,744440E-5;2,904009E-5;-4,625864E-5
2,206520E1;2,774169E-5;-4,726262E-5;2,730112E-5;-4,632579E-5;2,710682E-5;-4,790988E-5;2,883174E-5;-4,744729E-5;2,902063E-5;-4,625900E-5
2,213186E1;2,778269E-5;-4,726965E-5;2,733864E-5;-4,633435E-5;2,715182E-5;-4,791109E-5;2,887313E-5;-4,744924E-5;2,905784E-5;-4,625936E-5
2,219852E1;2,775576E-5;-4,727960E-5;2,731389E-5;-4,634460E-5;2,712378E-5;-4,792633E-5;2,885064E-5;-4,746102E-5;2,903746E-5;-4,627330E-5
2,226518E1;2,777336E-5;-4,724842E-5;2,733029E-5;-4,631450E-5;2,713465E-5;-4,789747E-5;2,886320E-5;-4,743320E-5;2,904399E-5;-4,624610E-5
2,233184E1;2,774950E-5;-4,727477E-5;2,730648E-5;-4,634179E-5;2,711720E-5;-4,792306E-5;2,884293E-5;-4,745674E-5;2,902801E-5;-4,626804E-5
2,239851E1;2,777308E-5;-4,723756E-5;2,733038E-5;-4,630478E-5;2,714217E-5;-4,788627E-5;2,886308E-5;-4,742042E-5;2,904540E-5;-4,623321E-5
2,246517E1;2,776761E-5;-4,724075E-5;2,732437E-5;-4,630782E-5;2,713288E-5;-4,789364E-5;2,885621E-5;-4,742473E-5;2,903685E-5;-4,623808E-5
2,253183E1;2,777967E-5;-4,723554E-5;2,733608E-5;-4,630338E-5;2,714488E-5;-4,788828E-5;2,886812E-5;-4,742072E-5;2,904655E-5;-4,623338E-5
2,259849E1;2,785047E-5;-4,724972E-5;2,741246E-5;-4,631891E-5;2,723130E-5;-4,790092E-5;2,894656E-5;-4,743702E-5;2,909377E-5;-4,624810E-5
2,266516E1;2,787126E-5;-4,722267E-5;2,743259E-5;-4,629006E-5;2,721698E-5;-4,787915E-5;2,895352E-5;-4,741592E-5;2,907990E-5;-4,622703E-5
2,273182E1;2,790857E-5;-4,724331E-5;2,746518E-5;-4,631109E-5;2,725791E-5;-4,789848E-5;2,898357E-5;-4,743366E-5;2,907024E-5;-4,624443E-5
2,279848E1;2,791086E-5;-4,728173E-5;2,746801E-5;-4,635000E-5;2,726811E-5;-4,793619E-5;2,898942E-5;-4,746485E-5;2,907228E-5;-4,627285E-5
2,286514E1;2,803525E-5;-4,730055E-5;2,760549E-5;-4,637121E-5;2,742333E-5;-4,796197E-5;2,912825E-5;-4,748729E-5;2,924378E-5;-4,630202E-5
2,293180E1;2,799178E-5;-4,727240E-5;2,754708E-5;-4,634071E-5;2,742825E-5;-4,792650E-5;2,907363E-5;-4,745449E-5;2,923532E-5;-4,626467E-5
2,299847E1;2,795704E-5;-4,728728E-5;2,751533E-5;-4,635355E-5;2,735447E-5;-4,793588E-5;2,903351E-5;-4,747252E-5;2,922140E-5;-4,628385E-5
2,306513E1;2,795859E-5;-4,725601E-5;2,751929E-5;-4,632202E-5;2,734333E-5;-4,790501E-5;2,904451E-5;-4,743844E-5;2,922671E-5;-4,624747E-5
2,313179E1;2,796750E-5;-4,726192E-5;2,752763E-5;-4,632992E-5;2,734734E-5;-4,791345E-5;2,905160E-5;-4,744749E-5;2,923760E-5;-4,625677E-5
2,319845E1;2,796697E-5;-4,725662E-5;2,752417E-5;-4,632323E-5;2,734048E-5;-4,790122E-5;2,904934E-5;-4,743814E-5;2,923247E-5;-4,624814E-5
2,326512E1;2,800934E-5;-4,726811E-5;2,756629E-5;-4,633393E-5;2,738699E-5;-4,791384E-5;2,909762E-5;-4,745155E-5;2,927416E-5;-4,626166E-5
2,333178E1;2,800866E-5;-4,726117E-5;2,756297E-5;-4,632759E-5;2,738115E-5;-4,791064E-5;2,909740E-5;-4,744418E-5;2,927426E-5;-4,625642E-5
2,339844E1;2,800996E-5;-4,725822E-5;2,756571E-5;-4,632329E-5;2,737849E-5;-4,790649E-5;2,909956E-5;-4,743845E-5;2,927722E-5;-4,624981E-5
2,346510E1;2,795928E-5;-4,721767E-5;2,751620E-5;-4,628523E-5;2,732586E-5;-4,787582E-5;2,904459E-5;-4,739834E-5;2,923267E-5;-4,621084E-5
2,353176E1;2,798139E-5;-4,724254E-5;2,753705E-5;-4,631079E-5;2,735206E-5;-4,789800E-5;2,907297E-5;-4,742516E-5;2,925729E-5;-4,623619E-5
2,359843E1;2,797540E-5;-4,723418E-5;2,753483E-5;-4,630369E-5;2,735029E-5;-4,789089E-5;2,907540E-5;-4,741888E-5;2,926114E-5;-4,623157E-5
2,366509E1;2,799807E-5;-4,728239E-5;2,755758E-5;-4,634853E-5;2,736796E-5;-4,793267E-5;2,909088E-5;-4,746565E-5;2,927479E-5;-4,627729E-5
2,373175E1;2,799637E-5;-4,726581E-5;2,755477E-5;-4,633298E-5;2,736498E-5;-4,791849E-5;2,908897E-5;-4,745058E-5;2,927387E-5;-4,626304E-5
2,379841E1;2,797663E-5;-4,727138E-5;2,753591E-5;-4,633725E-5;2,734860E-5;-4,792316E-5;2,906863E-5;-4,745644E-5;2,925609E-5;-4,626875E-5
2,386508E1;2,795683E-5;-4,723046E-5;2,751536E-5;-4,629595E-5;2,733756E-5;-4,787852E-5;2,904776E-5;-4,741618E-5;2,923837E-5;-4,623067E-5
2,393174E1;2,796418E-5;-4,724624E-5;2,752429E-5;-4,631244E-5;2,734487E-5;-4,789084E-5;2,905325E-5;-4,743118E-5;2,924261E-5;-4,624518E-5
2,399840E1;2,796108E-5;-4,725603E-5;2,752195E-5;-4,632388E-5;2,733781E-5;-4,790163E-5;2,904724E-5;-4,744097E-5;2,923488E-5;-4,625276E-5
2,406506E1;2,795578E-5;-4,727714E-5;2,751473E-5;-4,634163E-5;2,733223E-5;-4,792289E-5;2,904987E-5;-4,745869E-5;2,923747E-5;-4,627106E-5
2,413172E1;2,795593E-5;-4,725745E-5;2,751805E-5;-4,632360E-5;2,733277E-5;-4,790641E-5;2,905170E-5;-4,744379E-5;2,923984E-5;-4,625823E-5
2,419839E1;2,797409E-5;-4,726728E-5;2,753320E-5;-4,633486E-5;2,734580E-5;-4,791541E-5;2,906916E-5;-4,745557E-5;2,925421E-5;-4,626880E-5
2,426505E1;2,791024E-5;-4,726141E-5;2,747292E-5;-4,632852E-5;2,730343E-5;-4,790753E-5;2,899727E-5;-4,744590E-5;2,917661E-5;-4,625978E-5
2,433171E1;2,796115E-5;-4,728784E-5;2,751996E-5;-4,635412E-5;2,732570E-5;-4,793371E-5;2,905090E-5;-4,746876E-5;2,923392E-5;-4,628135E-5
2,439837E1;2,799220E-5;-4,727539E-5;2,755297E-5;-4,634067E-5;2,736239E-5;-4,791978E-5;2,908287E-5;-4,745922E-5;2,926542E-5;-4,627459E-5
2,446504E1;2,799305E-5;-4,726401E-5;2,755031E-5;-4,633015E-5;2,735842E-5;-4,791293E-5;2,908032E-5;-4,745033E-5;2,926099E-5;-4,626421E-5
2,453170E1;2,794764E-5;-4,726685E-5;2,750463E-5;-4,633577E-5;2,730804E-5;-4,792169E-5;2,903492E-5;-4,745290E-5;2,921838E-5;-4,626756E-5
2,459836E1;2,799339E-5;-4,726965E-5;2,755132E-5;-4,633808E-5;2,735785E-5;-4,792177E-5;2,908421E-5;-4,745574E-5;2,926656E-5;-4,626960E-5
2,466502E1;2,800475E-5;-4,725411E-5;2,756338E-5;-4,632134E-5;2,737351E-5;-4,790870E-5;2,909596E-5;-4,743916E-5;2,927934E-5;-4,625131E-5
2,473168E1;2,798643E-5;-4,725883E-5;2,754265E-5;-4,632644E-5;2,735094E-5;-4,791348E-5;2,907752E-5;-4,744496E-5;2,926497E-5;-4,625799E-5
2,479835E1;2,795736E-5;-4,724509E-5;2,751555E-5;-4,631258E-5;2,732207E-5;-4,789937E-5;2,904979E-5;-4,743244E-5;2,923815E-5;-4,624602E-5
2,486501E1;2,798056E-5;-4,725770E-5;2,753629E-5;-4,632570E-5;2,734522E-5;-4,791426E-5;2,907195E-5;-4,744177E-5;2,926142E-5;-4,625472E-5
2,493167E1;2,797593E-5;-4,724230E-5;2,753250E-5;-4,631068E-5;2,734159E-5;-4,789926E-5;2,906246E-5;-4,742432E-5;2,924723E-5;-4,623587E-5
2,499833E1;2,798922E-5;-4,723817E-5;2,754428E-5;-4,630882E-5;2,735812E-5;-4,789590E-5;2,908268E-5;-4,742201E-5;2,926294E-5;-4,623195E-5
2,506500E1;2,798895E-5;-4,723233E-5;2,754571E-5;-4,630098E-5;2,735271E-5;-4,788374E-5;2,908090E-5;-4,741450E-5;2,926153E-5;-4,622680E-5
2,513166E1;2,797420E-5;-4,726805E-5;2,753273E-5;-4,633400E-5;2,733806E-5;-4,791716E-5;2,906203E-5;-4,745531E-5;2,924756E-5;-4,626942E-5
2,519832E1;2,799936E-5;-4,726850E-5;2,756034E-5;-4,633772E-5;2,737226E-5;-4,792103E-5;2,909038E-5;-4,745508E-5;2,927168E-5;-4,626794E-5
2,526498E1;2,800304E-5;-4,726554E-5;2,756155E-5;-4,633474E-5;2,737947E-5;-4,791449E-5;2,909349E-5;-4,744854E-5;2,927646E-5;-4,626105E-5
2,533164E1;2,801250E-5;-4,727542E-5;2,757109E-5;-4,634581E-5;2,738554E-5;-4,792688E-5;2,910188E-5;-4,746071E-5;2,928331E-5;-4,627337E-5
2,539831E1;2,796409E-5;-4,728215E-5;2,752209E-5;-4,635042E-5;2,733774E-5;-4,793339E-5;2,905637E-5;-4,746865E-5;2,924219E-5;-4,628020E-5
2,546497E1;2,797641E-5;-4,724630E-5;2,753586E-5;-4,631472E-5;2,734923E-5;-4,789660E-5;2,906837E-5;-4,742911E-5;2,925226E-5;-4,624166E-5
2,553163E1;2,798789E-5;-4,727231E-5;2,754564E-5;-4,634146E-5;2,735562E-5;-4,792625E-5;2,907932E-5;-4,745723E-5;2,926328E-5;-4,626898E-5
2,559829E1;2,797858E-5;-4,725317E-5;2,753570E-5;-4,631949E-5;2,735119E-5;-4,789999E-5;2,907195E-5;-4,743847E-5;2,925702E-5;-4,625157E-5
2,566496E1;2,800550E-5;-4,727793E-5;2,756325E-5;-4,634490E-5;2,737024E-5;-4,792735E-5;2,909956E-5;-4,746059E-5;2,928344E-5;-4,627271E-5
2,573162E1;2,785089E-5;-4,723849E-5;2,739596E-5;-4,630529E-5;2,722464E-5;-4,789157E-5;2,893214E-5;-4,742311E-5;2,909486E-5;-4,623847E-5
2,579828E1;2,785693E-5;-4,726379E-5;2,741417E-5;-4,633344E-5;2,723117E-5;-4,791759E-5;2,894848E-5;-4,744780E-5;2,907301E-5;-4,625681E-5
2,586494E1;2,791822E-5;-4,723606E-5;2,747603E-5;-4,630247E-5;2,728022E-5;-4,788092E-5;2,899276E-5;-4,741661E-5;2,908321E-5;-4,622611E-5
2,593160E1;2,790557E-5;-4,727315E-5;2,746402E-5;-4,634063E-5;2,726837E-5;-4,792353E-5;2,899055E-5;-4,745892E-5;2,907558E-5;-4,627224E-5
2,599827E1;2,791670E-5;-4,725879E-5;2,747486E-5;-4,632448E-5;2,727697E-5;-4,791044E-5;2,900441E-5;-4,744401E-5;2,908043E-5;-4,625559E-5
