#multi:
;masa A;;masa B;;masa C;;masa D;;masa E;;
t;x;y;x;y;x;y;x;y;x;y;
0,000000E0;4,066465E-5;-6,716737E-5;3,907920E-5;-6,815292E-5;3,994975E-5;-6,832190E-5;4,195659E-5;-6,856000E-5;3,831707E-5;-6,621302E-5
6,666222E-2;4,061920E-5;-6,708331E-5;3,904784E-5;-6,805694E-5;3,992322E-5;-6,821899E-5;4,192712E-5;-6,847102E-5;3,828367E-5;-6,612285E-5
1,333244E-1;4,060149E-5;-6,704563E-5;3,902053E-5;-6,799606E-5;3,989793E-5;-6,815552E-5;4,189803E-5;-6,839686E-5;3,825448E-5;-6,603533E-5
1,999867E-1;4,065262E-5;-6,701523E-5;3,905341E-5;-6,798024E-5;3,992578E-5;-6,814370E-5;4,193706E-5;-6,838274E-5;3,829399E-5;-6,602243E-5
2,666489E-1;4,065574E-5;-6,701083E-5;3,905995E-5;-6,799133E-5;3,992982E-5;-6,815989E-5;4,194296E-5;-6,839201E-5;3,829642E-5;-6,603723E-5
3,333111E-1;4,065079E-5;-6,708779E-5;3,907329E-5;-6,805875E-5;3,994646E-5;-6,822318E-5;4,195929E-5;-6,846471E-5;3,831283E-5;-6,611529E-5
3,999733E-1;4,077316E-5;-6,716765E-5;3,917651E-5;-6,812720E-5;4,004398E-5;-6,829232E-5;4,206395E-5;-6,852463E-5;3,840434E-5;-6,616836E-5
4,666356E-1;4,066678E-5;-6,720488E-5;3,906137E-5;-6,817493E-5;3,993298E-5;-6,834248E-5;4,195410E-5;-6,857389E-5;3,830242E-5;-6,622355E-5
5,332978E-1;4,096801E-5;-6,723800E-5;3,938417E-5;-6,820338E-5;4,025135E-5;-6,837696E-5;4,226648E-5;-6,860706E-5;3,861478E-5;-6,627098E-5
5,999600E-1;4,108019E-5;-6,719386E-5;3,951298E-5;-6,818020E-5;4,038198E-5;-6,835510E-5;4,238145E-5;-6,857151E-5;3,873083E-5;-6,623431E-5
6,666222E-1;4,104824E-5;-6,725037E-5;3,950285E-5;-6,821249E-5;4,037411E-5;-6,838427E-5;4,233862E-5;-6,862546E-5;3,869624E-5;-6,628621E-5
7,332844E-1;4,121479E-5;-6,725202E-5;3,965722E-5;-6,822000E-5;4,053069E-5;-6,839261E-5;4,251149E-5;-6,863425E-5;3,886255E-5;-6,629932E-5
7,999467E-1;4,117921E-5;-6,723075E-5;3,959511E-5;-6,822794E-5;4,046285E-5;-6,839759E-5;4,246713E-5;-6,863011E-5;3,882228E-5;-6,632535E-5
8,666089E-1;4,113807E-5;-6,732164E-5;3,956352E-5;-6,832758E-5;4,043339E-5;-6,849852E-5;4,242771E-5;-6,872775E-5;3,878863E-5;-6,645427E-5
9,332711E-1;4,119340E-5;-6,725669E-5;3,961081E-5;-6,823516E-5;4,049892E-5;-6,840829E-5;4,248392E-5;-6,865654E-5;3,884351E-5;-6,636166E-5
9,999333E-1;4,110348E-5;-6,728799E-5;3,952588E-5;-6,826591E-5;4,039624E-5;-6,847553E-5;4,239171E-5;-6,869979E-5;3,876083E-5;-6,638046E-5
1,066596E0;4,099899E-5;-6,719748E-5;3,940061E-5;-6,819103E-5;4,026371E-5;-6,838737E-5;4,228582E-5;-6,860737E-5;3,864725E-5;-6,628685E-5
1,133258E0;4,107929E-5;-6,720436E-5;3,949383E-5;-6,817834E-5;4,036100E-5;-6,836295E-5;4,237396E-5;-6,860766E-5;3,873025E-5;-6,627689E-5
1,199920E0;4,113456E-5;-6,725125E-5;3,957118E-5;-6,824094E-5;4,044571E-5;-6,842480E-5;4,243983E-5;-6,865277E-5;3,878516E-5;-6,632018E-5
1,266582E0;4,120414E-5;-6,724045E-5;3,963373E-5;-6,827048E-5;4,050899E-5;-6,844546E-5;4,250968E-5;-6,868258E-5;3,885455E-5;-6,635337E-5
1,333244E0;4,115767E-5;-6,715483E-5;3,955544E-5;-6,821811E-5;4,042535E-5;-6,838729E-5;4,244486E-5;-6,862794E-5;3,879736E-5;-6,628939E-5
1,399907E0;4,102888E-5;-6,711860E-5;3,943930E-5;-6,814161E-5;4,031323E-5;-6,829974E-5;4,232874E-5;-6,854849E-5;3,866852E-5;-6,621825E-5
1,466569E0;4,104935E-5;-6,712427E-5;3,946151E-5;-6,812316E-5;4,033915E-5;-6,827852E-5;4,234260E-5;-6,852989E-5;3,869039E-5;-6,619762E-5
1,533231E0;4,108013E-5;-6,715576E-5;3,950212E-5;-6,814873E-5;4,037391E-5;-6,830165E-5;4,237896E-5;-6,856245E-5;3,872285E-5;-6,622770E-5
1,599893E0;4,108654E-5;-6,711778E-5;3,950956E-5;-6,812957E-5;4,038429E-5;-6,829026E-5;4,238072E-5;-6,851359E-5;3,873603E-5;-6,617542E-5
1,666556E0;4,097576E-5;-6,714683E-5;3,942210E-5;-6,814388E-5;4,029453E-5;-6,830418E-5;4,226588E-5;-6,855109E-5;3,862652E-5;-6,619946E-5
1,733218E0;4,116315E-5;-6,726224E-5;3,960419E-5;-6,827937E-5;4,048569E-5;-6,843719E-5;4,245488E-5;-6,868087E-5;3,881975E-5;-6,632203E-5
1,799880E0;4,135662E-5;-6,742363E-5;3,977254E-5;-6,840309E-5;4,064469E-5;-6,855944E-5;4,264356E-5;-6,880698E-5;3,899973E-5;-6,646679E-5
1,866542E0;4,137820E-5;-6,739159E-5;3,978820E-5;-6,838787E-5;4,065815E-5;-6,854431E-5;4,266271E-5;-6,878761E-5;3,902536E-5;-6,643862E-5
1,933204E0;4,137767E-5;-6,732002E-5;3,979459E-5;-6,832988E-5;4,066915E-5;-6,848329E-5;4,266446E-5;-6,872528E-5;3,902657E-5;-6,637323E-5
1,999867E0;4,137174E-5;-6,736164E-5;3,977892E-5;-6,837401E-5;4,064595E-5;-6,853175E-5;4,265601E-5;-6,876932E-5;3,901254E-5;-6,642058E-5
2,066529E0;4,143387E-5;-6,748443E-5;3,985989E-5;-6,852935E-5;4,073297E-5;-6,868477E-5;4,272909E-5;-6,891885E-5;3,908385E-5;-6,653076E-5
2,133191E0;4,143835E-5;-6,747324E-5;3,992917E-5;-6,848405E-5;4,080831E-5;-6,863624E-5;4,280396E-5;-6,888176E-5;3,909432E-5;-6,652909E-5
2,199853E0;4,136297E-5;-6,735396E-5;3,982113E-5;-6,832547E-5;4,069381E-5;-6,848132E-5;4,269386E-5;-6,872614E-5;3,901288E-5;-6,639067E-5
2,266516E0;4,140242E-5;-6,729464E-5;3,985945E-5;-6,829418E-5;4,073431E-5;-6,846091E-5;4,272961E-5;-6,869253E-5;3,905650E-5;-6,632352E-5
2,333178E0;4,131860E-5;-6,739345E-5;3,979017E-5;-6,835636E-5;4,065807E-5;-6,852020E-5;4,267375E-5;-6,876233E-5;3,896635E-5;-6,642805E-5
2,399840E0;4,125709E-5;-6,738646E-5;3,969944E-5;-6,839515E-5;4,056022E-5;-6,856634E-5;4,258989E-5;-6,880155E-5;3,890053E-5;-6,642906E-5
2,466502E0;4,135803E-5;-6,755931E-5;3,983929E-5;-6,851404E-5;4,070187E-5;-6,867661E-5;4,272007E-5;-6,892349E-5;3,900290E-5;-6,660575E-5
2,533164E0;4,143210E-5;-6,753153E-5;3,990923E-5;-6,852311E-5;4,077290E-5;-6,868264E-5;4,278936E-5;-6,892926E-5;3,907816E-5;-6,657526E-5
2,599827E0;4,146214E-5;-6,744746E-5;3,998286E-5;-6,843192E-5;4,085205E-5;-6,860063E-5;4,285734E-5;-6,884554E-5;3,910578E-5;-6,650842E-5
2,666489E0;4,126464E-5;-6,738229E-5;3,974031E-5;-6,838438E-5;4,059816E-5;-6,854911E-5;4,261694E-5;-6,878279E-5;3,890813E-5;-6,642962E-5
2,733151E0;4,119475E-5;-6,735124E-5;3,964907E-5;-6,834843E-5;4,051912E-5;-6,849453E-5;4,253214E-5;-6,873827E-5;3,879758E-5;-6,638256E-5
2,799813E0;4,120128E-5;-6,733214E-5;3,963622E-5;-6,832506E-5;4,050573E-5;-6,848601E-5;4,252393E-5;-6,872034E-5;3,881811E-5;-6,636998E-5
2,866476E0;4,108791E-5;-6,730606E-5;3,952306E-5;-6,827264E-5;4,039015E-5;-6,843755E-5;4,240070E-5;-6,867301E-5;3,871446E-5;-6,632397E-5
2,933138E0;4,102747E-5;-6,731118E-5;3,950109E-5;-6,831500E-5;4,037135E-5;-6,847377E-5;4,238420E-5;-6,871072E-5;3,866229E-5;-6,634698E-5
2,999800E0;4,088008E-5;-6,736306E-5;3,933443E-5;-6,835281E-5;4,020623E-5;-6,851098E-5;4,221427E-5;-6,874374E-5;3,852237E-5;-6,640540E-5
3,066462E0;4,079308E-5;-6,737074E-5;3,922387E-5;-6,838222E-5;4,009181E-5;-6,855483E-5;4,216323E-5;-6,878564E-5;3,843636E-5;-6,642447E-5
3,133124E0;4,082501E-5;-6,733752E-5;3,925715E-5;-6,833964E-5;4,012523E-5;-6,851033E-5;4,216978E-5;-6,874077E-5;3,846936E-5;-6,639277E-5
3,199787E0;4,074904E-5;-6,734668E-5;3,918371E-5;-6,833018E-5;4,005637E-5;-6,850074E-5;4,208631E-5;-6,871828E-5;3,840029E-5;-6,638377E-5
3,266449E0;4,089036E-5;-6,726501E-5;3,936661E-5;-6,826517E-5;4,023950E-5;-6,843909E-5;4,226308E-5;-6,866197E-5;3,853690E-5;-6,631879E-5
3,333111E0;4,088700E-5;-6,721882E-5;3,938755E-5;-6,820932E-5;4,025761E-5;-6,837975E-5;4,228253E-5;-6,861161E-5;3,853591E-5;-6,626991E-5
3,399773E0;4,096292E-5;-6,725777E-5;3,948946E-5;-6,824496E-5;4,035580E-5;-6,840478E-5;4,236811E-5;-6,866291E-5;3,861076E-5;-6,630296E-5
3,466436E0;4,092618E-5;-6,727304E-5;3,941845E-5;-6,829934E-5;4,029351E-5;-6,843377E-5;4,230345E-5;-6,869169E-5;3,857402E-5;-6,634310E-5
3,533098E0;4,092280E-5;-6,721574E-5;3,939235E-5;-6,823845E-5;4,026184E-5;-6,838356E-5;4,228444E-5;-6,863133E-5;3,852882E-5;-6,628414E-5
3,599760E0;4,097932E-5;-6,725684E-5;3,943398E-5;-6,825941E-5;4,030249E-5;-6,840033E-5;4,232150E-5;-6,866604E-5;3,855653E-5;-6,631425E-5
3,666422E0;4,105962E-5;-6,725042E-5;3,946927E-5;-6,826602E-5;4,034233E-5;-6,836287E-5;4,235678E-5;-6,865590E-5;3,861107E-5;-6,628734E-5
3,733084E0;4,096025E-5;-6,719338E-5;3,938341E-5;-6,825837E-5;4,025161E-5;-6,833282E-5;4,226604E-5;-6,865404E-5;3,853549E-5;-6,626107E-5
3,799747E0;4,099318E-5;-6,721451E-5;3,938895E-5;-6,830004E-5;4,026273E-5;-6,835884E-5;4,227328E-5;-6,869815E-5;3,854462E-5;-6,627863E-5
3,866409E0;4,097818E-5;-6,719444E-5;3,937993E-5;-6,830522E-5;4,024453E-5;-6,835299E-5;4,226473E-5;-6,869819E-5;3,850943E-5;-6,625737E-5
3,933071E0;4,112845E-5;-6,717531E-5;3,953348E-5;-6,830201E-5;4,039540E-5;-6,832872E-5;4,241924E-5;-6,870581E-5;3,865819E-5;-6,623928E-5
3,999733E0;4,120350E-5;-6,723590E-5;3,959205E-5;-6,838609E-5;4,045546E-5;-6,841416E-5;4,248807E-5;-6,877875E-5;3,869563E-5;-6,631021E-5
4,066396E0;4,114449E-5;-6,726843E-5;3,955488E-5;-6,842657E-5;4,042082E-5;-6,850393E-5;4,243522E-5;-6,881890E-5;3,865681E-5;-6,638594E-5
4,133058E0;4,113940E-5;-6,725253E-5;3,953480E-5;-6,841267E-5;4,040208E-5;-6,847703E-5;4,243295E-5;-6,880487E-5;3,862465E-5;-6,635447E-5
4,199720E0;4,131649E-5;-6,728409E-5;3,974104E-5;-6,849079E-5;4,059423E-5;-6,854351E-5;4,262386E-5;-6,883836E-5;3,882827E-5;-6,641648E-5
4,266382E0;4,150863E-5;-6,727246E-5;3,992971E-5;-6,846063E-5;4,078844E-5;-6,848924E-5;4,281189E-5;-6,883208E-5;3,901662E-5;-6,637858E-5
4,333044E0;4,137519E-5;-6,734909E-5;3,980568E-5;-6,850433E-5;4,067330E-5;-6,853021E-5;4,267836E-5;-6,889134E-5;3,888114E-5;-6,643102E-5
4,399707E0;4,141196E-5;-6,739259E-5;3,982227E-5;-6,852617E-5;4,068940E-5;-6,854321E-5;4,270331E-5;-6,892702E-5;3,891190E-5;-6,645579E-5
4,466369E0;4,133370E-5;-6,733855E-5;3,976973E-5;-6,846735E-5;4,063838E-5;-6,847258E-5;4,264539E-5;-6,887181E-5;3,883515E-5;-6,639864E-5
4,533031E0;4,140687E-5;-6,740657E-5;3,982154E-5;-6,851425E-5;4,069608E-5;-6,851236E-5;4,269935E-5;-6,892965E-5;3,889408E-5;-6,645970E-5
4,599693E0;4,139760E-5;-6,751142E-5;3,982193E-5;-6,860790E-5;4,068993E-5;-6,863860E-5;4,271179E-5;-6,900336E-5;3,889043E-5;-6,655964E-5
4,666356E0;4,143526E-5;-6,740318E-5;3,985177E-5;-6,852685E-5;4,071796E-5;-6,855086E-5;4,272742E-5;-6,892061E-5;3,893461E-5;-6,642182E-5
4,733018E0;4,144542E-5;-6,731659E-5;3,990915E-5;-6,847319E-5;4,073821E-5;-6,850119E-5;4,273632E-5;-6,887678E-5;3,898029E-5;-6,637753E-5
4,799680E0;4,157647E-5;-6,736870E-5;4,000429E-5;-6,851509E-5;4,085439E-5;-6,853810E-5;4,285975E-5;-6,891438E-5;3,909830E-5;-6,640862E-5
4,866342E0;4,147512E-5;-6,734879E-5;3,991551E-5;-6,850205E-5;4,076904E-5;-6,851987E-5;4,277378E-5;-6,890103E-5;3,902119E-5;-6,641074E-5
4,933004E0;4,152582E-5;-6,742165E-5;3,994383E-5;-6,857299E-5;4,080642E-5;-6,858811E-5;4,281897E-5;-6,897129E-5;3,901847E-5;-6,649985E-5
4,999667E0;4,152660E-5;-6,748720E-5;3,996088E-5;-6,859798E-5;4,081908E-5;-6,865598E-5;4,284524E-5;-6,900624E-5;3,906133E-5;-6,658806E-5
5,066329E0;4,142572E-5;-6,731997E-5;3,986877E-5;-6,839749E-5;4,073404E-5;-6,843481E-5;4,275553E-5;-6,880659E-5;3,895477E-5;-6,632987E-5
5,132991E0;4,135869E-5;-6,723809E-5;3,983153E-5;-6,833385E-5;4,070933E-5;-6,841807E-5;4,271798E-5;-6,872488E-5;3,891021E-5;-6,630586E-5
5,199653E0;4,137538E-5;-6,727402E-5;3,983879E-5;-6,839572E-5;4,070185E-5;-6,850001E-5;4,272476E-5;-6,879559E-5;3,891928E-5;-6,637919E-5
5,266316E0;4,146391E-5;-6,734730E-5;3,991459E-5;-6,846624E-5;4,078764E-5;-6,859213E-5;4,279388E-5;-6,884397E-5;3,903804E-5;-6,646256E-5
5,332978E0;4,131962E-5;-6,741126E-5;3,973874E-5;-6,852596E-5;4,061307E-5;-6,865566E-5;4,262267E-5;-6,891998E-5;3,883832E-5;-6,650434E-5
5,399640E0;4,134754E-5;-6,736792E-5;3,978230E-5;-6,850131E-5;4,065818E-5;-6,863812E-5;4,266027E-5;-6,889357E-5;3,886270E-5;-6,649475E-5
5,466302E0;4,147645E-5;-6,729276E-5;3,989034E-5;-6,844715E-5;4,076281E-5;-6,859219E-5;4,277364E-5;-6,883525E-5;3,901642E-5;-6,644871E-5
5,532964E0;4,144188E-5;-6,721830E-5;3,984229E-5;-6,837221E-5;4,071557E-5;-6,851628E-5;4,272880E-5;-6,875647E-5;3,894092E-5;-6,634247E-5
5,599627E0;4,136332E-5;-6,716242E-5;3,972915E-5;-6,829028E-5;4,060770E-5;-6,845836E-5;4,265610E-5;-6,869358E-5;3,886219E-5;-6,630543E-5
5,666289E0;4,134640E-5;-6,717167E-5;3,972475E-5;-6,833417E-5;4,059906E-5;-6,849634E-5;4,263511E-5;-6,872396E-5;3,883788E-5;-6,633592E-5
5,732951E0;4,121842E-5;-6,719399E-5;3,962742E-5;-6,831623E-5;4,051280E-5;-6,846370E-5;4,252715E-5;-6,871165E-5;3,873672E-5;-6,633133E-5
5,799613E0;4,126519E-5;-6,729833E-5;3,967458E-5;-6,848735E-5;4,058219E-5;-6,862362E-5;4,258983E-5;-6,885847E-5;3,879248E-5;-6,647811E-5
5,866276E0;4,120237E-5;-6,724340E-5;3,959155E-5;-6,837026E-5;4,052148E-5;-6,849984E-5;4,252353E-5;-6,875285E-5;3,871730E-5;-6,637229E-5
5,932938E0;4,099733E-5;-6,729865E-5;3,943124E-5;-6,841831E-5;4,036563E-5;-6,855595E-5;4,236105E-5;-6,879442E-5;3,856665E-5;-6,641952E-5
5,999600E0;4,103845E-5;-6,742616E-5;3,948517E-5;-6,856209E-5;4,039118E-5;-6,869112E-5;4,239548E-5;-6,889783E-5;3,860773E-5;-6,651756E-5
6,066262E0;4,085659E-5;-6,743067E-5;3,931861E-5;-6,855060E-5;4,027669E-5;-6,868311E-5;4,225199E-5;-6,889744E-5;3,846628E-5;-6,651662E-5
6,132924E0;4,091642E-5;-6,746502E-5;3,934795E-5;-6,853689E-5;4,031623E-5;-6,868161E-5;4,231540E-5;-6,890802E-5;3,852781E-5;-6,653714E-5
6,199587E0;4,092750E-5;-6,732084E-5;3,936624E-5;-6,841289E-5;4,031146E-5;-6,855857E-5;4,232462E-5;-6,879412E-5;3,852661E-5;-6,643079E-5
6,266249E0;4,098212E-5;-6,744093E-5;3,942688E-5;-6,849725E-5;4,034935E-5;-6,858327E-5;4,234388E-5;-6,884227E-5;3,855878E-5;-6,648670E-5
6,332911E0;4,098056E-5;-6,746649E-5;3,941550E-5;-6,849499E-5;4,031065E-5;-6,860838E-5;4,231495E-5;-6,885797E-5;3,852101E-5;-6,650545E-5
6,399573E0;4,093709E-5;-6,751384E-5;3,935797E-5;-6,853386E-5;4,023920E-5;-6,867629E-5;4,225122E-5;-6,891271E-5;3,845083E-5;-6,656963E-5
6,466236E0;4,081618E-5;-6,744826E-5;3,923648E-5;-6,848917E-5;4,011293E-5;-6,864311E-5;4,212496E-5;-6,886124E-5;3,832430E-5;-6,650834E-5
6,532898E0;4,061962E-5;-6,749364E-5;3,903880E-5;-6,852579E-5;3,990479E-5;-6,869409E-5;4,192047E-5;-6,890003E-5;3,811682E-5;-6,653972E-5
6,599560E0;4,056867E-5;-6,741145E-5;3,896615E-5;-6,844061E-5;3,983947E-5;-6,859576E-5;4,184639E-5;-6,882691E-5;3,806248E-5;-6,643248E-5
6,666222E0;4,051322E-5;-6,727320E-5;3,893307E-5;-6,834099E-5;3,980274E-5;-6,849237E-5;4,181690E-5;-6,872609E-5;3,806270E-5;-6,630443E-5
6,732884E0;4,049377E-5;-6,703947E-5;3,888603E-5;-6,810063E-5;3,976076E-5;-6,826040E-5;4,177170E-5;-6,847746E-5;3,807321E-5;-6,608610E-5
6,799547E0;4,036733E-5;-6,693064E-5;3,876281E-5;-6,804569E-5;3,963580E-5;-6,820457E-5;4,166341E-5;-6,841799E-5;3,796583E-5;-6,598752E-5
6,866209E0;4,023269E-5;-6,699108E-5;3,864644E-5;-6,803305E-5;3,951697E-5;-6,817935E-5;4,153423E-5;-6,841157E-5;3,784905E-5;-6,601281E-5
6,932871E0;4,026800E-5;-6,697160E-5;3,867666E-5;-6,801694E-5;3,954549E-5;-6,816286E-5;4,161277E-5;-6,840618E-5;3,789655E-5;-6,600513E-5
6,999533E0;4,032881E-5;-6,690253E-5;3,871960E-5;-6,793403E-5;3,959125E-5;-6,809502E-5;4,163391E-5;-6,833339E-5;3,795519E-5;-6,594988E-5
7,066196E0;4,016096E-5;-6,680348E-5;3,857130E-5;-6,787964E-5;3,944282E-5;-6,804949E-5;4,147901E-5;-6,827470E-5;3,779144E-5;-6,584715E-5
7,132858E0;4,022899E-5;-6,681493E-5;3,864166E-5;-6,786850E-5;3,951506E-5;-6,802630E-5;4,153962E-5;-6,824580E-5;3,786929E-5;-6,585278E-5
7,199520E0;4,016337E-5;-6,666411E-5;3,857557E-5;-6,770162E-5;3,944477E-5;-6,785913E-5;4,151832E-5;-6,809951E-5;3,780320E-5;-6,570431E-5
7,266182E0;4,016619E-5;-6,669653E-5;3,857884E-5;-6,769455E-5;3,944949E-5;-6,784917E-5;4,150251E-5;-6,810611E-5;3,781140E-5;-6,572195E-5
7,332844E0;4,018768E-5;-6,668075E-5;3,860673E-5;-6,768314E-5;3,947742E-5;-6,784490E-5;4,150887E-5;-6,809013E-5;3,783306E-5;-6,572145E-5
7,399507E0;4,013481E-5;-6,674169E-5;3,854172E-5;-6,777301E-5;3,941176E-5;-6,793918E-5;4,144657E-5;-6,816639E-5;3,777791E-5;-6,579667E-5
7,466169E0;4,009765E-5;-6,691974E-5;3,850146E-5;-6,794800E-5;3,936830E-5;-6,811325E-5;4,140339E-5;-6,834019E-5;3,773816E-5;-6,597595E-5
7,532831E0;4,016828E-5;-6,706547E-5;3,859382E-5;-6,803768E-5;3,946282E-5;-6,819039E-5;4,147776E-5;-6,845917E-5;3,781632E-5;-6,609679E-5
7,599493E0;4,005940E-5;-6,688538E-5;3,847057E-5;-6,787242E-5;3,934215E-5;-6,802986E-5;4,136128E-5;-6,825821E-5;3,770799E-5;-6,592115E-5
7,666156E0;3,995141E-5;-6,675222E-5;3,836584E-5;-6,773292E-5;3,924963E-5;-6,789217E-5;4,129565E-5;-6,815357E-5;3,759736E-5;-6,579319E-5
7,732818E0;4,010689E-5;-6,666073E-5;3,852111E-5;-6,765075E-5;3,937741E-5;-6,776361E-5;4,143317E-5;-6,806765E-5;3,775258E-5;-6,570317E-5
7,799480E0;4,009441E-5;-6,649373E-5;3,850928E-5;-6,749207E-5;3,936858E-5;-6,761479E-5;4,141336E-5;-6,789803E-5;3,774125E-5;-6,552760E-5
7,866142E0;4,011136E-5;-6,632876E-5;3,852188E-5;-6,733227E-5;3,938845E-5;-6,745980E-5;4,142383E-5;-6,773602E-5;3,775829E-5;-6,536648E-5
7,932804E0;4,001871E-5;-6,620789E-5;3,843746E-5;-6,721505E-5;3,932197E-5;-6,735959E-5;4,132665E-5;-6,761868E-5;3,766909E-5;-6,525012E-5
7,999467E0;3,998362E-5;-6,606476E-5;3,840236E-5;-6,711208E-5;3,926711E-5;-6,721186E-5;4,128649E-5;-6,751019E-5;3,762843E-5;-6,510460E-5
8,066129E0;4,002349E-5;-6,606404E-5;3,844308E-5;-6,711318E-5;3,931382E-5;-6,722784E-5;4,132483E-5;-6,750574E-5;3,767448E-5;-6,510742E-5
8,132791E0;4,014414E-5;-6,633734E-5;3,855665E-5;-6,736779E-5;3,943166E-5;-6,750148E-5;4,144049E-5;-6,775221E-5;3,779345E-5;-6,536704E-5
8,199453E0;4,004419E-5;-6,636576E-5;3,844857E-5;-6,738174E-5;3,933373E-5;-6,752079E-5;4,134364E-5;-6,777303E-5;3,769759E-5;-6,539382E-5
8,266116E0;4,008993E-5;-6,634030E-5;3,849457E-5;-6,736375E-5;3,935980E-5;-6,746949E-5;4,138034E-5;-6,773450E-5;3,773715E-5;-6,536259E-5
8,332778E0;4,002501E-5;-6,635331E-5;3,843588E-5;-6,738003E-5;3,930427E-5;-6,749200E-5;4,131752E-5;-6,774790E-5;3,767351E-5;-6,537852E-5
8,399440E0;4,008767E-5;-6,648562E-5;3,849199E-5;-6,748485E-5;3,935977E-5;-6,759511E-5;4,137915E-5;-6,787168E-5;3,773411E-5;-6,550126E-5
8,466102E0;4,009026E-5;-6,611233E-5;3,850981E-5;-6,712097E-5;3,937655E-5;-6,725126E-5;4,138450E-5;-6,750964E-5;3,774027E-5;-6,514149E-5
8,532764E0;4,013697E-5;-6,620928E-5;3,853520E-5;-6,721046E-5;3,941937E-5;-6,735806E-5;4,143125E-5;-6,760650E-5;3,778829E-5;-6,525029E-5
8,599427E0;4,018315E-5;-6,629981E-5;3,860292E-5;-6,735711E-5;3,946757E-5;-6,746644E-5;4,147596E-5;-6,771321E-5;3,783260E-5;-6,534647E-5
8,666089E0;4,014962E-5;-6,642422E-5;3,856328E-5;-6,744705E-5;3,943092E-5;-6,756558E-5;4,144369E-5;-6,782286E-5;3,779815E-5;-6,545587E-5
8,732751E0;4,016782E-5;-6,646320E-5;3,857941E-5;-6,748130E-5;3,944544E-5;-6,761739E-5;4,146013E-5;-6,786399E-5;3,781341E-5;-6,550249E-5
8,799413E0;4,018166E-5;-6,652829E-5;3,859496E-5;-6,752969E-5;3,946405E-5;-6,766624E-5;4,147476E-5;-6,791843E-5;3,782877E-5;-6,556076E-5
8,866076E0;4,013584E-5;-6,649887E-5;3,854963E-5;-6,751217E-5;3,941853E-5;-6,765574E-5;4,142902E-5;-6,790144E-5;3,778513E-5;-6,553855E-5
8,932738E0;4,022034E-5;-6,657112E-5;3,863070E-5;-6,757652E-5;3,951920E-5;-6,771282E-5;4,151254E-5;-6,796612E-5;3,788041E-5;-6,560023E-5
8,999400E0;4,030074E-5;-6,674355E-5;3,871244E-5;-6,773247E-5;3,959725E-5;-6,783236E-5;4,161719E-5;-6,812824E-5;3,796260E-5;-6,571657E-5
9,066062E0;4,042828E-5;-6,689414E-5;3,883398E-5;-6,788345E-5;3,968506E-5;-6,798290E-5;4,171283E-5;-6,823468E-5;3,806803E-5;-6,584007E-5
9,132724E0;4,037607E-5;-6,688631E-5;3,878509E-5;-6,786921E-5;3,958768E-5;-6,797049E-5;4,166321E-5;-6,824231E-5;3,801542E-5;-6,585909E-5
9,199387E0;4,034114E-5;-6,674157E-5;3,874519E-5;-6,772949E-5;3,959442E-5;-6,784518E-5;4,164411E-5;-6,811602E-5;3,799908E-5;-6,573126E-5
9,266049E0;4,030795E-5;-6,671481E-5;3,872045E-5;-6,770226E-5;3,955629E-5;-6,778515E-5;4,159082E-5;-6,804318E-5;3,794694E-5;-6,567408E-5
9,332711E0;4,017697E-5;-6,674829E-5;3,858347E-5;-6,772465E-5;3,945703E-5;-6,782364E-5;4,148407E-5;-6,809382E-5;3,783979E-5;-6,571722E-5
9,399373E0;4,016661E-5;-6,682046E-5;3,858119E-5;-6,781808E-5;3,945972E-5;-6,788958E-5;4,144591E-5;-6,813629E-5;3,783161E-5;-6,576748E-5
9,466036E0;4,024520E-5;-6,683393E-5;3,866205E-5;-6,782947E-5;3,950548E-5;-6,791436E-5;4,153246E-5;-6,818105E-5;3,790428E-5;-6,576993E-5
9,532698E0;4,024874E-5;-6,681814E-5;3,866513E-5;-6,782728E-5;3,946716E-5;-6,794175E-5;4,153851E-5;-6,819469E-5;3,790961E-5;-6,574483E-5
9,599360E0;4,032894E-5;-6,673397E-5;3,873991E-5;-6,770554E-5;3,951628E-5;-6,782910E-5;4,161555E-5;-6,809307E-5;3,796175E-5;-6,563927E-5
9,666022E0;4,032941E-5;-6,675033E-5;3,876054E-5;-6,772082E-5;3,952187E-5;-6,782088E-5;4,163438E-5;-6,811401E-5;3,798381E-5;-6,569186E-5
9,732684E0;4,040598E-5;-6,684201E-5;3,881211E-5;-6,777954E-5;3,959719E-5;-6,789882E-5;4,169587E-5;-6,817307E-5;3,805942E-5;-6,577246E-5
9,799347E0;4,037825E-5;-6,691147E-5;3,879786E-5;-6,786364E-5;3,962049E-5;-6,799358E-5;4,167767E-5;-6,826010E-5;3,802990E-5;-6,583094E-5
9,866009E0;4,036138E-5;-6,698287E-5;3,877362E-5;-6,789654E-5;3,961703E-5;-6,804226E-5;4,166588E-5;-6,829516E-5;3,801726E-5;-6,589026E-5
9,932671E0;4,035137E-5;-6,704625E-5;3,876129E-5;-6,799646E-5;3,959333E-5;-6,810541E-5;4,163174E-5;-6,834878E-5;3,800531E-5;-6,594857E-5
9,999333E0;4,040433E-5;-6,705211E-5;3,881540E-5;-6,802344E-5;3,966343E-5;-6,815196E-5;4,168998E-5;-6,839102E-5;3,805789E-5;-6,595347E-5
1,006600E1;4,054126E-5;-6,702294E-5;3,896498E-5;-6,801209E-5;3,981943E-5;-6,815518E-5;4,183375E-5;-6,838678E-5;3,819667E-5;-6,592024E-5
1,013266E1;4,054695E-5;-6,697277E-5;3,896664E-5;-6,796783E-5;3,982149E-5;-6,811530E-5;4,183738E-5;-6,835150E-5;3,819926E-5;-6,586933E-5
1,019932E1;4,058574E-5;-6,711017E-5;3,901709E-5;-6,811262E-5;3,987724E-5;-6,826966E-5;4,188768E-5;-6,849986E-5;3,824579E-5;-6,601281E-5
1,026598E1;4,056554E-5;-6,701692E-5;3,898940E-5;-6,802215E-5;3,985501E-5;-6,818498E-5;4,186598E-5;-6,841128E-5;3,822248E-5;-6,591845E-5
1,033264E1;4,054546E-5;-6,703196E-5;3,896698E-5;-6,802411E-5;3,983311E-5;-6,818659E-5;4,184275E-5;-6,842310E-5;3,819903E-5;-6,592332E-5
1,039931E1;4,053946E-5;-6,696339E-5;3,895690E-5;-6,795291E-5;3,982854E-5;-6,811543E-5;4,183412E-5;-6,835262E-5;3,818932E-5;-6,585282E-5
1,046597E1;4,045558E-5;-6,690206E-5;3,887394E-5;-6,788246E-5;3,974349E-5;-6,804150E-5;4,174687E-5;-6,828699E-5;3,809595E-5;-6,578766E-5
1,053263E1;4,029830E-5;-6,689948E-5;3,872599E-5;-6,786825E-5;3,959956E-5;-6,802347E-5;4,159696E-5;-6,827944E-5;3,793911E-5;-6,582203E-5
1,059929E1;4,037983E-5;-6,688357E-5;3,879501E-5;-6,787301E-5;3,966170E-5;-6,803435E-5;4,167079E-5;-6,827737E-5;3,802342E-5;-6,584966E-5
1,066596E1;4,039446E-5;-6,700433E-5;3,880801E-5;-6,798237E-5;3,967486E-5;-6,814896E-5;4,168514E-5;-6,839416E-5;3,803796E-5;-6,598858E-5
1,073262E1;4,030201E-5;-6,703946E-5;3,872129E-5;-6,801833E-5;3,959027E-5;-6,818587E-5;4,159661E-5;-6,842839E-5;3,795010E-5;-6,604524E-5
1,079928E1;4,037958E-5;-6,698581E-5;3,879386E-5;-6,796349E-5;3,966407E-5;-6,813187E-5;4,167253E-5;-6,837304E-5;3,802787E-5;-6,600248E-5
1,086594E1;4,046690E-5;-6,687505E-5;3,888548E-5;-6,787944E-5;3,975194E-5;-6,804880E-5;4,176570E-5;-6,827662E-5;3,811811E-5;-6,589982E-5
1,093260E1;4,042741E-5;-6,682537E-5;3,884366E-5;-6,781654E-5;3,971421E-5;-6,798459E-5;4,172107E-5;-6,822164E-5;3,807900E-5;-6,585827E-5
1,099927E1;4,037413E-5;-6,683617E-5;3,879267E-5;-6,781294E-5;3,966545E-5;-6,797469E-5;4,167028E-5;-6,822546E-5;3,802477E-5;-6,586930E-5
1,106593E1;4,035438E-5;-6,675357E-5;3,877344E-5;-6,775118E-5;3,964465E-5;-6,791821E-5;4,164699E-5;-6,815357E-5;3,800391E-5;-6,579248E-5
1,113259E1;4,028102E-5;-6,677962E-5;3,869816E-5;-6,776067E-5;3,956775E-5;-6,792443E-5;4,157792E-5;-6,816997E-5;3,792997E-5;-6,581248E-5
1,119925E1;4,031195E-5;-6,675309E-5;3,872780E-5;-6,773142E-5;3,959710E-5;-6,789487E-5;4,160940E-5;-6,814345E-5;3,796029E-5;-6,578776E-5
1,126592E1;4,031139E-5;-6,679205E-5;3,872841E-5;-6,778499E-5;3,959912E-5;-6,795253E-5;4,160553E-5;-6,819022E-5;3,796256E-5;-6,583473E-5
1,133258E1;4,020685E-5;-6,666223E-5;3,862714E-5;-6,766424E-5;3,949498E-5;-6,782932E-5;4,150664E-5;-6,806929E-5;3,786047E-5;-6,570952E-5
1,139924E1;4,014895E-5;-6,653718E-5;3,856652E-5;-6,753670E-5;3,943780E-5;-6,770678E-5;4,144643E-5;-6,793870E-5;3,780254E-5;-6,558272E-5
1,146590E1;4,010541E-5;-6,652320E-5;3,852769E-5;-6,752814E-5;3,939957E-5;-6,769881E-5;4,140450E-5;-6,792702E-5;3,775970E-5;-6,557471E-5
1,153256E1;4,014561E-5;-6,648678E-5;3,857184E-5;-6,747876E-5;3,944300E-5;-6,764745E-5;4,144687E-5;-6,788403E-5;3,780113E-5;-6,553655E-5
1,159923E1;4,014381E-5;-6,643951E-5;3,856245E-5;-6,742421E-5;3,943220E-5;-6,758979E-5;4,143951E-5;-6,783317E-5;3,779456E-5;-6,548562E-5
1,166589E1;4,021411E-5;-6,644816E-5;3,863503E-5;-6,743663E-5;3,950548E-5;-6,760598E-5;4,151339E-5;-6,784022E-5;3,786293E-5;-6,549585E-5
1,173255E1;4,019883E-5;-6,652180E-5;3,861585E-5;-6,751656E-5;3,948713E-5;-6,768470E-5;4,149572E-5;-6,791774E-5;3,785188E-5;-6,556619E-5
1,179921E1;4,006763E-5;-6,641617E-5;3,848633E-5;-6,742729E-5;3,935589E-5;-6,759646E-5;4,136251E-5;-6,782036E-5;3,771843E-5;-6,545896E-5
1,186588E1;4,007644E-5;-6,636855E-5;3,850597E-5;-6,737083E-5;3,937867E-5;-6,753909E-5;4,137874E-5;-6,777242E-5;3,773103E-5;-6,541193E-5
1,193254E1;4,011858E-5;-6,628766E-5;3,853536E-5;-6,729243E-5;3,940668E-5;-6,745991E-5;4,141200E-5;-6,769322E-5;3,776894E-5;-6,533789E-5
1,199920E1;4,011565E-5;-6,635700E-5;3,854311E-5;-6,735783E-5;3,941547E-5;-6,752593E-5;4,141374E-5;-6,775692E-5;3,776629E-5;-6,540641E-5
1,206586E1;4,009026E-5;-6,635456E-5;3,852041E-5;-6,736302E-5;3,939322E-5;-6,753035E-5;4,139195E-5;-6,776331E-5;3,774683E-5;-6,540240E-5
1,213252E1;4,010221E-5;-6,632393E-5;3,852694E-5;-6,732335E-5;3,939832E-5;-6,748863E-5;4,140138E-5;-6,772653E-5;3,775483E-5;-6,536941E-5
1,219919E1;4,005938E-5;-6,623310E-5;3,846493E-5;-6,721279E-5;3,933177E-5;-6,738358E-5;4,134842E-5;-6,762423E-5;3,770758E-5;-6,528068E-5
1,226585E1;4,014753E-5;-6,635206E-5;3,855905E-5;-6,733185E-5;3,942577E-5;-6,749557E-5;4,144040E-5;-6,774303E-5;3,779710E-5;-6,539565E-5
1,233251E1;4,017087E-5;-6,628093E-5;3,857713E-5;-6,726154E-5;3,944456E-5;-6,742706E-5;4,146122E-5;-6,767232E-5;3,781669E-5;-6,532571E-5
1,239917E1;4,017982E-5;-6,637620E-5;3,859897E-5;-6,735578E-5;3,946878E-5;-6,752347E-5;4,147518E-5;-6,776704E-5;3,782995E-5;-6,541916E-5
1,246584E1;4,021484E-5;-6,644616E-5;3,863615E-5;-6,743069E-5;3,950119E-5;-6,759993E-5;4,151194E-5;-6,784095E-5;3,786382E-5;-6,549315E-5
1,253250E1;4,023014E-5;-6,645589E-5;3,865794E-5;-6,742930E-5;3,952255E-5;-6,759467E-5;4,152990E-5;-6,783559E-5;3,787933E-5;-6,550876E-5
1,259916E1;4,022902E-5;-6,650048E-5;3,871251E-5;-6,747454E-5;3,958210E-5;-6,763980E-5;4,158446E-5;-6,788334E-5;3,788306E-5;-6,555277E-5
1,266582E1;4,024833E-5;-6,658993E-5;3,874907E-5;-6,760129E-5;3,961161E-5;-6,777051E-5;4,162649E-5;-6,800683E-5;3,789698E-5;-6,563795E-5
1,273248E1;4,029683E-5;-6,667099E-5;3,876095E-5;-6,767607E-5;3,962737E-5;-6,784607E-5;4,164114E-5;-6,808422E-5;3,795227E-5;-6,572640E-5
1,279915E1;4,023534E-5;-6,658934E-5;3,869111E-5;-6,757730E-5;3,955877E-5;-6,775036E-5;4,156806E-5;-6,797847E-5;3,788555E-5;-6,564454E-5
1,286581E1;4,011239E-5;-6,655510E-5;3,857337E-5;-6,756329E-5;3,944341E-5;-6,773269E-5;4,145317E-5;-6,797126E-5;3,776714E-5;-6,560380E-5
1,293247E1;4,013042E-5;-6,662005E-5;3,860947E-5;-6,766862E-5;3,948076E-5;-6,783850E-5;4,148900E-5;-6,806926E-5;3,778285E-5;-6,567171E-5
1,299913E1;4,015015E-5;-6,662809E-5;3,860974E-5;-6,765522E-5;3,948191E-5;-6,782414E-5;4,149164E-5;-6,805975E-5;3,780181E-5;-6,567933E-5
1,306580E1;4,012845E-5;-6,667209E-5;3,857374E-5;-6,768764E-5;3,944304E-5;-6,785636E-5;4,145332E-5;-6,809136E-5;3,777910E-5;-6,572058E-5
1,313246E1;4,027092E-5;-6,669493E-5;3,872072E-5;-6,770511E-5;3,958815E-5;-6,787389E-5;4,159451E-5;-6,810604E-5;3,792491E-5;-6,574456E-5
1,319912E1;4,036110E-5;-6,674533E-5;3,880017E-5;-6,775295E-5;3,966812E-5;-6,791502E-5;4,167921E-5;-6,815477E-5;3,800681E-5;-6,578938E-5
1,326578E1;4,024950E-5;-6,678720E-5;3,869816E-5;-6,779209E-5;3,956565E-5;-6,796138E-5;4,157225E-5;-6,819557E-5;3,790266E-5;-6,583335E-5
1,333244E1;4,022869E-5;-6,669761E-5;3,866806E-5;-6,768399E-5;3,953813E-5;-6,784816E-5;4,154508E-5;-6,808686E-5;3,788179E-5;-6,574550E-5
1,339911E1;4,025963E-5;-6,659902E-5;3,873445E-5;-6,760928E-5;3,960260E-5;-6,777449E-5;4,161125E-5;-6,800969E-5;3,790968E-5;-6,564559E-5
1,346577E1;4,023051E-5;-6,661559E-5;3,869448E-5;-6,761659E-5;3,955466E-5;-6,777395E-5;4,156921E-5;-6,801069E-5;3,787999E-5;-6,566677E-5
1,353243E1;4,023930E-5;-6,654867E-5;3,871283E-5;-6,756014E-5;3,961714E-5;-6,771807E-5;4,159185E-5;-6,796088E-5;3,789216E-5;-6,559026E-5
1,359909E1;4,021949E-5;-6,644608E-5;3,870269E-5;-6,747152E-5;3,955457E-5;-6,758257E-5;4,157768E-5;-6,787758E-5;3,786685E-5;-6,549136E-5
1,366576E1;4,023174E-5;-6,652240E-5;3,874775E-5;-6,753600E-5;3,960198E-5;-6,766852E-5;4,162227E-5;-6,794657E-5;3,787909E-5;-6,556703E-5
1,373242E1;4,007098E-5;-6,647114E-5;3,861353E-5;-6,750613E-5;3,947459E-5;-6,764577E-5;4,148072E-5;-6,790259E-5;3,772074E-5;-6,551469E-5
1,379908E1;4,007387E-5;-6,660963E-5;3,858712E-5;-6,764732E-5;3,944849E-5;-6,779683E-5;4,145782E-5;-6,804521E-5;3,772350E-5;-6,565743E-5
1,386574E1;4,018708E-5;-6,661663E-5;3,865486E-5;-6,759850E-5;3,951927E-5;-6,778869E-5;4,153336E-5;-6,800363E-5;3,783215E-5;-6,565945E-5
1,393240E1;4,019162E-5;-6,664456E-5;3,869643E-5;-6,763257E-5;3,950576E-5;-6,781599E-5;4,157671E-5;-6,803811E-5;3,784079E-5;-6,569172E-5
1,399907E1;4,018762E-5;-6,660792E-5;3,872224E-5;-6,759507E-5;3,950245E-5;-6,777199E-5;4,160199E-5;-6,800200E-5;3,783497E-5;-6,565753E-5
1,406573E1;4,016436E-5;-6,668406E-5;3,872088E-5;-6,767799E-5;3,947864E-5;-6,785687E-5;4,159307E-5;-6,808365E-5;3,781321E-5;-6,573458E-5
1,413239E1;4,021034E-5;-6,672594E-5;3,872394E-5;-6,772742E-5;3,947380E-5;-6,790330E-5;4,164966E-5;-6,812831E-5;3,786439E-5;-6,577824E-5
1,419905E1;4,012959E-5;-6,661169E-5;3,869549E-5;-6,762921E-5;3,943078E-5;-6,780101E-5;4,156416E-5;-6,800105E-5;3,777613E-5;-6,565676E-5
1,426572E1;4,013752E-5;-6,669792E-5;3,871442E-5;-6,770640E-5;3,944188E-5;-6,787736E-5;4,158140E-5;-6,808821E-5;3,778477E-5;-6,573940E-5
1,433238E1;4,015546E-5;-6,671533E-5;3,868628E-5;-6,772650E-5;3,941090E-5;-6,789857E-5;4,160848E-5;-6,810980E-5;3,780888E-5;-6,576232E-5
1,439904E1;4,008443E-5;-6,677465E-5;3,868016E-5;-6,782417E-5;3,939912E-5;-6,799565E-5;4,153443E-5;-6,816727E-5;3,772961E-5;-6,582016E-5
1,446570E1;4,012513E-5;-6,676473E-5;3,873209E-5;-6,781697E-5;3,946150E-5;-6,799095E-5;4,159315E-5;-6,817153E-5;3,777392E-5;-6,582070E-5
1,453236E1;4,012540E-5;-6,672083E-5;3,869578E-5;-6,775373E-5;3,941989E-5;-6,792695E-5;4,159307E-5;-6,812085E-5;3,777975E-5;-6,577206E-5
1,459903E1;4,007018E-5;-6,667523E-5;3,863326E-5;-6,775965E-5;3,935445E-5;-6,790752E-5;4,153533E-5;-6,806885E-5;3,772457E-5;-6,571981E-5
1,466569E1;4,011810E-5;-6,672283E-5;3,864951E-5;-6,782429E-5;3,941096E-5;-6,797765E-5;4,158626E-5;-6,811730E-5;3,776951E-5;-6,576673E-5
1,473235E1;4,014248E-5;-6,661349E-5;3,866824E-5;-6,768969E-5;3,946238E-5;-6,786475E-5;4,160170E-5;-6,800349E-5;3,778735E-5;-6,565721E-5
1,479901E1;4,007830E-5;-6,662146E-5;3,862093E-5;-6,768544E-5;3,938524E-5;-6,782254E-5;4,154109E-5;-6,800674E-5;3,772019E-5;-6,565517E-5
1,486568E1;4,001613E-5;-6,665223E-5;3,851710E-5;-6,766310E-5;3,931162E-5;-6,783167E-5;4,147380E-5;-6,803525E-5;3,765257E-5;-6,568581E-5
1,493234E1;4,002900E-5;-6,662170E-5;3,854469E-5;-6,762175E-5;3,931240E-5;-6,778785E-5;4,148300E-5;-6,800750E-5;3,766515E-5;-6,565893E-5
1,499900E1;4,012515E-5;-6,672018E-5;3,862191E-5;-6,774928E-5;3,937864E-5;-6,789546E-5;4,157965E-5;-6,810970E-5;3,777451E-5;-6,576023E-5
1,506566E1;4,018080E-5;-6,687329E-5;3,866363E-5;-6,790722E-5;3,945907E-5;-6,808442E-5;4,163410E-5;-6,826368E-5;3,783394E-5;-6,591725E-5
1,513232E1;4,027591E-5;-6,681560E-5;3,879666E-5;-6,790763E-5;3,959592E-5;-6,805539E-5;4,172849E-5;-6,820565E-5;3,792025E-5;-6,585272E-5
1,519899E1;4,025609E-5;-6,684437E-5;3,875410E-5;-6,795378E-5;3,954133E-5;-6,806760E-5;4,171133E-5;-6,823665E-5;3,790894E-5;-6,588343E-5
1,526565E1;4,026160E-5;-6,692706E-5;3,873465E-5;-6,804161E-5;3,954776E-5;-6,817272E-5;4,171073E-5;-6,832000E-5;3,790775E-5;-6,596446E-5
1,533231E1;4,028664E-5;-6,685312E-5;3,873428E-5;-6,793784E-5;3,956524E-5;-6,808499E-5;4,173965E-5;-6,824764E-5;3,793924E-5;-6,589739E-5
1,539897E1;4,030307E-5;-6,684919E-5;3,873741E-5;-6,794888E-5;3,958138E-5;-6,809846E-5;4,175305E-5;-6,824164E-5;3,795414E-5;-6,588917E-5
1,546564E1;4,034817E-5;-6,687978E-5;3,878187E-5;-6,798958E-5;3,963029E-5;-6,814536E-5;4,180429E-5;-6,827363E-5;3,799792E-5;-6,592017E-5
1,553230E1;4,029122E-5;-6,687922E-5;3,872231E-5;-6,800052E-5;3,957706E-5;-6,815925E-5;4,174657E-5;-6,827027E-5;3,794158E-5;-6,591907E-5
1,559896E1;4,028866E-5;-6,684973E-5;3,870963E-5;-6,797751E-5;3,956886E-5;-6,813693E-5;4,174295E-5;-6,824313E-5;3,793808E-5;-6,589051E-5
1,566562E1;4,031491E-5;-6,690174E-5;3,874010E-5;-6,805120E-5;3,961088E-5;-6,822108E-5;4,175649E-5;-6,830540E-5;3,796952E-5;-6,595500E-5
1,573228E1;4,037680E-5;-6,678821E-5;3,880039E-5;-6,794832E-5;3,966814E-5;-6,811520E-5;4,183853E-5;-6,823570E-5;3,803191E-5;-6,584159E-5
1,579895E1;4,034873E-5;-6,679279E-5;3,877205E-5;-6,794284E-5;3,964123E-5;-6,811401E-5;4,180863E-5;-6,822126E-5;3,800060E-5;-6,584182E-5
1,586561E1;4,035332E-5;-6,686583E-5;3,877160E-5;-6,802595E-5;3,964344E-5;-6,819943E-5;4,180917E-5;-6,829450E-5;3,800136E-5;-6,591862E-5
1,593227E1;4,038094E-5;-6,677653E-5;3,880648E-5;-6,793130E-5;3,967099E-5;-6,810210E-5;4,183913E-5;-6,819332E-5;3,803165E-5;-6,582619E-5
1,599893E1;4,036646E-5;-6,682690E-5;3,878732E-5;-6,797447E-5;3,965215E-5;-6,814056E-5;4,182097E-5;-6,823523E-5;3,801548E-5;-6,587439E-5
1,606560E1;4,036641E-5;-6,673179E-5;3,878832E-5;-6,788451E-5;3,965776E-5;-6,805105E-5;4,180870E-5;-6,813858E-5;3,801486E-5;-6,578269E-5
1,613226E1;4,038731E-5;-6,665517E-5;3,879121E-5;-6,779404E-5;3,966065E-5;-6,795582E-5;4,183860E-5;-6,809579E-5;3,803433E-5;-6,569847E-5
1,619892E1;4,042326E-5;-6,673966E-5;3,883673E-5;-6,787856E-5;3,970228E-5;-6,804177E-5;4,186651E-5;-6,816131E-5;3,806790E-5;-6,578569E-5
1,626558E1;4,047840E-5;-6,676285E-5;3,890170E-5;-6,785313E-5;3,976072E-5;-6,801824E-5;4,187920E-5;-6,818181E-5;3,811632E-5;-6,580880E-5
1,633224E1;4,052397E-5;-6,678801E-5;3,893244E-5;-6,785931E-5;3,979479E-5;-6,802627E-5;4,193724E-5;-6,820635E-5;3,816147E-5;-6,583700E-5
1,639891E1;4,063565E-5;-6,689656E-5;3,906652E-5;-6,795105E-5;3,992579E-5;-6,812152E-5;4,207252E-5;-6,830573E-5;3,827757E-5;-6,594482E-5
1,646557E1;4,070704E-5;-6,694416E-5;3,913000E-5;-6,802334E-5;3,999373E-5;-6,818919E-5;4,214078E-5;-6,839604E-5;3,834968E-5;-6,599095E-5
1,653223E1;4,070066E-5;-6,699168E-5;3,912121E-5;-6,804114E-5;3,998359E-5;-6,820413E-5;4,214245E-5;-6,842186E-5;3,834255E-5;-6,603406E-5
1,659889E1;4,049493E-5;-6,689138E-5;3,890967E-5;-6,791788E-5;3,976953E-5;-6,807586E-5;4,193921E-5;-6,831122E-5;3,813703E-5;-6,592763E-5
1,666556E1;4,050050E-5;-6,689445E-5;3,891765E-5;-6,796865E-5;3,977882E-5;-6,813264E-5;4,195215E-5;-6,836314E-5;3,814328E-5;-6,593802E-5
1,673222E1;4,050273E-5;-6,690672E-5;3,891870E-5;-6,800820E-5;3,977999E-5;-6,816975E-5;4,195078E-5;-6,840462E-5;3,814201E-5;-6,595288E-5
1,679888E1;4,034656E-5;-6,673262E-5;3,877380E-5;-6,782016E-5;3,964371E-5;-6,798634E-5;4,180129E-5;-6,822662E-5;3,799108E-5;-6,577458E-5
1,686554E1;4,022356E-5;-6,661313E-5;3,863828E-5;-6,771033E-5;3,950732E-5;-6,787149E-5;4,166378E-5;-6,812207E-5;3,785434E-5;-6,565681E-5
1,693220E1;4,030648E-5;-6,666110E-5;3,873389E-5;-6,772987E-5;3,959534E-5;-6,789403E-5;4,176474E-5;-6,813946E-5;3,795174E-5;-6,570306E-5
1,699887E1;4,023939E-5;-6,655257E-5;3,864956E-5;-6,763263E-5;3,951889E-5;-6,779779E-5;4,167879E-5;-6,804247E-5;3,787388E-5;-6,558819E-5
1,706553E1;4,023191E-5;-6,653937E-5;3,859946E-5;-6,765087E-5;3,946829E-5;-6,781916E-5;4,163110E-5;-6,805153E-5;3,782756E-5;-6,557761E-5
1,713219E1;4,021516E-5;-6,648574E-5;3,859291E-5;-6,762090E-5;3,945937E-5;-6,778975E-5;4,162698E-5;-6,801594E-5;3,782264E-5;-6,553359E-5
1,719885E1;4,024964E-5;-6,653787E-5;3,865573E-5;-6,768514E-5;3,951883E-5;-6,785019E-5;4,167790E-5;-6,807513E-5;3,787041E-5;-6,558559E-5
1,726552E1;4,002031E-5;-6,643855E-5;3,844319E-5;-6,758430E-5;3,927856E-5;-6,774450E-5;4,142096E-5;-6,798299E-5;3,762291E-5;-6,548326E-5
1,733218E1;4,012683E-5;-6,648485E-5;3,856079E-5;-6,763246E-5;3,940208E-5;-6,779873E-5;4,155060E-5;-6,803011E-5;3,774554E-5;-6,553051E-5
1,739884E1;4,033033E-5;-6,659866E-5;3,875327E-5;-6,773328E-5;3,960284E-5;-6,790537E-5;4,176214E-5;-6,814183E-5;3,794830E-5;-6,564396E-5
1,746550E1;4,025957E-5;-6,661268E-5;3,868504E-5;-6,776926E-5;3,954058E-5;-6,793934E-5;4,169998E-5;-6,816798E-5;3,788935E-5;-6,566875E-5
1,753216E1;4,032281E-5;-6,670639E-5;3,873099E-5;-6,787003E-5;3,958958E-5;-6,804584E-5;4,176251E-5;-6,827034E-5;3,795509E-5;-6,576533E-5
1,759883E1;4,033989E-5;-6,683518E-5;3,876881E-5;-6,798586E-5;3,962597E-5;-6,815922E-5;4,179180E-5;-6,839322E-5;3,797787E-5;-6,588995E-5
1,766549E1;4,040745E-5;-6,687389E-5;3,882638E-5;-6,803832E-5;3,967821E-5;-6,820672E-5;4,185769E-5;-6,843262E-5;3,804759E-5;-6,592917E-5
1,773215E1;4,038875E-5;-6,683146E-5;3,888684E-5;-6,799934E-5;3,969347E-5;-6,817326E-5;4,185863E-5;-6,839235E-5;3,803579E-5;-6,588881E-5
1,779881E1;4,039303E-5;-6,682300E-5;3,892809E-5;-6,799985E-5;3,976410E-5;-6,817270E-5;4,186399E-5;-6,839139E-5;3,804235E-5;-6,588216E-5
1,786548E1;4,046664E-5;-6,686609E-5;3,903096E-5;-6,804697E-5;3,986507E-5;-6,822369E-5;4,194339E-5;-6,844107E-5;3,812461E-5;-6,592952E-5
1,793214E1;4,040146E-5;-6,682018E-5;3,896668E-5;-6,798573E-5;3,982057E-5;-6,814816E-5;4,186940E-5;-6,838317E-5;3,805435E-5;-6,587679E-5
1,799880E1;4,035274E-5;-6,674584E-5;3,891624E-5;-6,791490E-5;3,977177E-5;-6,808070E-5;4,181204E-5;-6,830901E-5;3,800294E-5;-6,579681E-5
1,806546E1;4,037639E-5;-6,672062E-5;3,895032E-5;-6,788076E-5;3,981151E-5;-6,804222E-5;4,183901E-5;-6,828303E-5;3,804015E-5;-6,577628E-5
1,813212E1;4,040750E-5;-6,678552E-5;3,897060E-5;-6,795418E-5;3,983289E-5;-6,812637E-5;4,185969E-5;-6,834803E-5;3,806024E-5;-6,583610E-5
1,819879E1;4,025990E-5;-6,678361E-5;3,882497E-5;-6,792810E-5;3,968400E-5;-6,810492E-5;4,171263E-5;-6,833672E-5;3,796610E-5;-6,583013E-5
1,826545E1;4,021897E-5;-6,676219E-5;3,876911E-5;-6,791239E-5;3,957842E-5;-6,808010E-5;4,165830E-5;-6,831693E-5;3,789941E-5;-6,580540E-5
1,833211E1;4,026929E-5;-6,688007E-5;3,883202E-5;-6,803081E-5;3,966327E-5;-6,821097E-5;4,171723E-5;-6,843313E-5;3,798348E-5;-6,592424E-5
1,839877E1;4,027709E-5;-6,682891E-5;3,884122E-5;-6,796613E-5;3,963187E-5;-6,813627E-5;4,172368E-5;-6,837732E-5;3,797399E-5;-6,586852E-5
1,846544E1;4,027695E-5;-6,676241E-5;3,883830E-5;-6,788387E-5;3,960850E-5;-6,805771E-5;4,172183E-5;-6,829653E-5;3,794977E-5;-6,579102E-5
1,853210E1;4,029441E-5;-6,682545E-5;3,885295E-5;-6,791204E-5;3,960507E-5;-6,808354E-5;4,173738E-5;-6,832092E-5;3,796549E-5;-6,586581E-5
1,859876E1;4,036076E-5;-6,673532E-5;3,892870E-5;-6,785282E-5;3,966583E-5;-6,802487E-5;4,181184E-5;-6,825982E-5;3,802464E-5;-6,578823E-5
1,866542E1;4,027226E-5;-6,664176E-5;3,884025E-5;-6,776060E-5;3,957382E-5;-6,793104E-5;4,172334E-5;-6,816703E-5;3,793292E-5;-6,573343E-5
1,873208E1;4,022921E-5;-6,646307E-5;3,879612E-5;-6,759363E-5;3,952101E-5;-6,776098E-5;4,167242E-5;-6,800413E-5;3,788392E-5;-6,554133E-5
1,879875E1;4,013604E-5;-6,647454E-5;3,871740E-5;-6,762303E-5;3,943950E-5;-6,779569E-5;4,159348E-5;-6,802150E-5;3,779199E-5;-6,554668E-5
1,886541E1;4,015338E-5;-6,649018E-5;3,873271E-5;-6,763450E-5;3,945708E-5;-6,780293E-5;4,161219E-5;-6,804088E-5;3,781007E-5;-6,555592E-5
1,893207E1;4,029558E-5;-6,657292E-5;3,887367E-5;-6,771976E-5;3,959383E-5;-6,789756E-5;4,174285E-5;-6,812525E-5;3,795046E-5;-6,563837E-5
1,899873E1;4,036177E-5;-6,668649E-5;3,895509E-5;-6,782092E-5;3,967487E-5;-6,803663E-5;4,182557E-5;-6,821405E-5;3,802185E-5;-6,575529E-5
1,906540E1;4,041993E-5;-6,680992E-5;3,899544E-5;-6,794634E-5;3,972050E-5;-6,815884E-5;4,187577E-5;-6,834973E-5;3,807280E-5;-6,588168E-5
1,913206E1;4,044374E-5;-6,683883E-5;3,903800E-5;-6,799581E-5;3,975730E-5;-6,818696E-5;4,190542E-5;-6,838926E-5;3,810271E-5;-6,590276E-5
1,919872E1;4,049710E-5;-6,680412E-5;3,908423E-5;-6,796759E-5;3,979865E-5;-6,815798E-5;4,195593E-5;-6,836496E-5;3,815395E-5;-6,586534E-5
1,926538E1;4,047720E-5;-6,686897E-5;3,905621E-5;-6,801354E-5;3,976785E-5;-6,819191E-5;4,193525E-5;-6,842292E-5;3,813110E-5;-6,592191E-5
1,933204E1;4,043977E-5;-6,683509E-5;3,900748E-5;-6,798024E-5;3,971853E-5;-6,815839E-5;4,188910E-5;-6,838504E-5;3,809009E-5;-6,588440E-5
1,939871E1;4,035956E-5;-6,680090E-5;3,892781E-5;-6,795282E-5;3,964082E-5;-6,813119E-5;4,181156E-5;-6,835616E-5;3,801160E-5;-6,585672E-5
1,946537E1;4,030075E-5;-6,671387E-5;3,887200E-5;-6,784392E-5;3,958505E-5;-6,801711E-5;4,174918E-5;-6,825740E-5;3,794900E-5;-6,576082E-5
1,953203E1;4,048588E-5;-6,671428E-5;3,906662E-5;-6,785674E-5;3,978024E-5;-6,803275E-5;4,194156E-5;-6,826545E-5;3,813991E-5;-6,576267E-5
1,959869E1;4,052023E-5;-6,681764E-5;3,910202E-5;-6,797835E-5;3,981216E-5;-6,815258E-5;4,197569E-5;-6,837758E-5;3,816987E-5;-6,587283E-5
1,966536E1;4,050120E-5;-6,685591E-5;3,908352E-5;-6,800886E-5;3,979676E-5;-6,817922E-5;4,195825E-5;-6,841496E-5;3,815273E-5;-6,590743E-5
1,973202E1;4,050691E-5;-6,690136E-5;3,907895E-5;-6,807664E-5;3,979428E-5;-6,826657E-5;4,196813E-5;-6,846809E-5;3,815496E-5;-6,596335E-5
1,979868E1;4,056876E-5;-6,689097E-5;3,914930E-5;-6,812966E-5;3,986634E-5;-6,828091E-5;4,203054E-5;-6,846423E-5;3,822305E-5;-6,600536E-5
1,986534E1;4,056713E-5;-6,684856E-5;3,913920E-5;-6,811303E-5;3,991336E-5;-6,827161E-5;4,202561E-5;-6,842330E-5;3,821842E-5;-6,599140E-5
1,993200E1;4,052154E-5;-6,684291E-5;3,910094E-5;-6,813059E-5;3,990384E-5;-6,829476E-5;4,198216E-5;-6,841845E-5;3,816987E-5;-6,600891E-5
1,999867E1;4,071073E-5;-6,688275E-5;3,928939E-5;-6,819266E-5;4,010845E-5;-6,836640E-5;4,217058E-5;-6,846156E-5;3,835859E-5;-6,606997E-5
2,006533E1;4,067572E-5;-6,696318E-5;3,925435E-5;-6,825017E-5;4,008320E-5;-6,842941E-5;4,212726E-5;-6,852929E-5;3,832028E-5;-6,614491E-5
2,013199E1;4,066905E-5;-6,689930E-5;3,925308E-5;-6,820678E-5;4,010025E-5;-6,837923E-5;4,212781E-5;-6,847119E-5;3,831906E-5;-6,609182E-5
2,019865E1;4,071174E-5;-6,691567E-5;3,930520E-5;-6,820470E-5;4,015345E-5;-6,837713E-5;4,217305E-5;-6,846880E-5;3,836858E-5;-6,610895E-5
2,026532E1;4,075430E-5;-6,698995E-5;3,933463E-5;-6,821945E-5;4,018530E-5;-6,839825E-5;4,222345E-5;-6,849103E-5;3,839433E-5;-6,611525E-5
2,033198E1;4,073051E-5;-6,696907E-5;3,924603E-5;-6,820120E-5;4,010047E-5;-6,837161E-5;4,218725E-5;-6,849980E-5;3,832725E-5;-6,609693E-5
2,039864E1;4,075053E-5;-6,688002E-5;3,928254E-5;-6,809121E-5;4,013196E-5;-6,825825E-5;4,219398E-5;-6,841128E-5;3,836061E-5;-6,598972E-5
2,046530E1;4,073713E-5;-6,680698E-5;3,923363E-5;-6,805385E-5;4,009657E-5;-6,822056E-5;4,212881E-5;-6,834973E-5;3,831479E-5;-6,595906E-5
2,053196E1;4,070154E-5;-6,685707E-5;3,922911E-5;-6,808343E-5;4,008689E-5;-6,825132E-5;4,212058E-5;-6,841369E-5;3,830672E-5;-6,602207E-5
2,059863E1;4,076540E-5;-6,689868E-5;3,930891E-5;-6,816836E-5;4,017587E-5;-6,833775E-5;4,219839E-5;-6,846654E-5;3,837530E-5;-6,608083E-5
2,066529E1;4,074286E-5;-6,676985E-5;3,925515E-5;-6,804528E-5;4,012041E-5;-6,821115E-5;4,213274E-5;-6,833447E-5;3,831887E-5;-6,596469E-5
2,073195E1;4,068219E-5;-6,675757E-5;3,922755E-5;-6,798772E-5;4,009286E-5;-6,815399E-5;4,210247E-5;-6,831490E-5;3,827958E-5;-6,595366E-5
2,079861E1;4,061072E-5;-6,676906E-5;3,915471E-5;-6,794628E-5;4,000998E-5;-6,811253E-5;4,202703E-5;-6,829905E-5;3,821768E-5;-6,589512E-5
2,086528E1;4,061295E-5;-6,686532E-5;3,912131E-5;-6,804443E-5;3,998898E-5;-6,821247E-5;4,199810E-5;-6,836772E-5;3,818484E-5;-6,597646E-5
2,093194E1;4,071273E-5;-6,682159E-5;3,920282E-5;-6,801255E-5;4,007001E-5;-6,818401E-5;4,208426E-5;-6,835569E-5;3,826935E-5;-6,597408E-5
2,099860E1;4,064945E-5;-6,683173E-5;3,916444E-5;-6,801998E-5;4,002887E-5;-6,819323E-5;4,203778E-5;-6,837741E-5;3,823282E-5;-6,599953E-5
2,106526E1;4,065492E-5;-6,673556E-5;3,913164E-5;-6,790593E-5;3,999523E-5;-6,808041E-5;4,200707E-5;-6,827242E-5;3,826155E-5;-6,590991E-5
2,113192E1;4,065426E-5;-6,670907E-5;3,910871E-5;-6,793395E-5;3,997587E-5;-6,810586E-5;4,198347E-5;-6,825599E-5;3,827622E-5;-6,590544E-5
2,119859E1;4,057920E-5;-6,672390E-5;3,902144E-5;-6,796488E-5;3,988991E-5;-6,813590E-5;4,189957E-5;-6,826561E-5;3,821213E-5;-6,590725E-5
2,126525E1;4,054251E-5;-6,663938E-5;3,898056E-5;-6,790313E-5;3,985308E-5;-6,806906E-5;4,185360E-5;-6,818473E-5;3,813292E-5;-6,584551E-5
2,133191E1;4,051101E-5;-6,662271E-5;3,893822E-5;-6,789164E-5;3,981163E-5;-6,804826E-5;4,181543E-5;-6,816876E-5;3,812147E-5;-6,582165E-5
2,139857E1;4,038963E-5;-6,667271E-5;3,881083E-5;-6,789786E-5;3,967735E-5;-6,806259E-5;4,169110E-5;-6,822071E-5;3,800759E-5;-6,587110E-5
2,146524E1;4,048234E-5;-6,664576E-5;3,890691E-5;-6,789477E-5;3,977687E-5;-6,801439E-5;4,178321E-5;-6,819632E-5;3,811042E-5;-6,584599E-5
2,153190E1;4,037643E-5;-6,651653E-5;3,880240E-5;-6,776135E-5;3,967000E-5;-6,790019E-5;4,167372E-5;-6,808392E-5;3,801146E-5;-6,572472E-5
2,159856E1;4,031689E-5;-6,652183E-5;3,873689E-5;-6,778671E-5;3,960871E-5;-6,793435E-5;4,161268E-5;-6,808463E-5;3,795685E-5;-6,573239E-5
2,166522E1;4,026799E-5;-6,662984E-5;3,867308E-5;-6,788027E-5;3,954313E-5;-6,802724E-5;4,156258E-5;-6,817479E-5;3,791166E-5;-6,583167E-5
2,173188E1;4,032623E-5;-6,663261E-5;3,873042E-5;-6,785177E-5;3,959756E-5;-6,799983E-5;4,161831E-5;-6,818076E-5;3,796779E-5;-6,583357E-5
2,179855E1;4,027314E-5;-6,665801E-5;3,868385E-5;-6,787497E-5;3,954615E-5;-6,803084E-5;4,156388E-5;-6,822047E-5;3,791337E-5;-6,586559E-5
2,186521E1;4,032817E-5;-6,671715E-5;3,876275E-5;-6,790572E-5;3,962022E-5;-6,806051E-5;4,163161E-5;-6,827324E-5;3,797443E-5;-6,591527E-5
2,193187E1;4,034486E-5;-6,678332E-5;3,875297E-5;-6,800299E-5;3,960591E-5;-6,811264E-5;4,164204E-5;-6,833569E-5;3,797307E-5;-6,596891E-5
2,199853E1;4,037628E-5;-6,676295E-5;3,879294E-5;-6,795956E-5;3,965052E-5;-6,808076E-5;4,167404E-5;-6,831583E-5;3,799948E-5;-6,595440E-5
2,206520E1;4,053722E-5;-6,679862E-5;3,894300E-5;-6,797545E-5;3,980441E-5;-6,811101E-5;4,183060E-5;-6,834983E-5;3,815697E-5;-6,593553E-5
2,213186E1;4,072721E-5;-6,681761E-5;3,914212E-5;-6,800174E-5;4,000324E-5;-6,814913E-5;4,201889E-5;-6,837933E-5;3,835642E-5;-6,593132E-5
2,219852E1;4,055779E-5;-6,678264E-5;3,897186E-5;-6,794925E-5;3,984026E-5;-6,810478E-5;4,185152E-5;-6,833944E-5;3,819797E-5;-6,588004E-5
2,226518E1;4,048643E-5;-6,681453E-5;3,890742E-5;-6,796654E-5;3,977448E-5;-6,812505E-5;4,178369E-5;-6,836730E-5;3,813112E-5;-6,589621E-5
2,233184E1;4,050995E-5;-6,678607E-5;3,892297E-5;-6,793968E-5;3,979186E-5;-6,809480E-5;4,180562E-5;-6,834276E-5;3,815486E-5;-6,585748E-5
2,239851E1;4,057655E-5;-6,685035E-5;3,899432E-5;-6,804105E-5;3,986776E-5;-6,820711E-5;4,187545E-5;-6,843330E-5;3,821979E-5;-6,592570E-5
2,246517E1;4,053719E-5;-6,682308E-5;3,900668E-5;-6,798887E-5;3,987471E-5;-6,815187E-5;4,188036E-5;-6,839400E-5;3,818570E-5;-6,588777E-5
2,253183E1;4,044012E-5;-6,670038E-5;3,892986E-5;-6,783802E-5;3,979822E-5;-6,799953E-5;4,180556E-5;-6,824622E-5;3,809036E-5;-6,575603E-5
2,259849E1;4,037655E-5;-6,666497E-5;3,884427E-5;-6,780349E-5;3,971409E-5;-6,795665E-5;4,171869E-5;-6,822361E-5;3,802441E-5;-6,571550E-5
2,266516E1;4,034169E-5;-6,665307E-5;3,884850E-5;-6,779598E-5;3,971131E-5;-6,795765E-5;4,172403E-5;-6,820716E-5;3,798714E-5;-6,570076E-5
2,273182E1;4,024073E-5;-6,654330E-5;3,874989E-5;-6,766151E-5;3,960546E-5;-6,782112E-5;4,163489E-5;-6,807194E-5;3,787850E-5;-6,556464E-5
2,279848E1;4,028765E-5;-6,657134E-5;3,876341E-5;-6,770722E-5;3,961230E-5;-6,786008E-5;4,163552E-5;-6,810865E-5;3,784605E-5;-6,560281E-5
2,286514E1;4,018722E-5;-6,652045E-5;3,865511E-5;-6,761392E-5;3,952073E-5;-6,777180E-5;4,153507E-5;-6,802122E-5;3,774404E-5;-6,551888E-5
2,293180E1;4,003192E-5;-6,652005E-5;3,856149E-5;-6,764054E-5;3,937987E-5;-6,779855E-5;4,142710E-5;-6,805115E-5;3,762560E-5;-6,554702E-5
2,299847E1;4,007060E-5;-6,650150E-5;3,860438E-5;-6,765168E-5;3,943822E-5;-6,781638E-5;4,147257E-5;-6,804600E-5;3,767631E-5;-6,554193E-5
2,306513E1;4,011351E-5;-6,648288E-5;3,860227E-5;-6,763967E-5;3,945388E-5;-6,780381E-5;4,147989E-5;-6,803602E-5;3,768282E-5;-6,553040E-5
2,313179E1;3,997334E-5;-6,634997E-5;3,846495E-5;-6,748990E-5;3,930972E-5;-6,766049E-5;4,133458E-5;-6,789644E-5;3,753879E-5;-6,538734E-5
2,319845E1;3,975418E-5;-6,600113E-5;3,826753E-5;-6,715023E-5;3,910818E-5;-6,731265E-5;4,113008E-5;-6,754881E-5;3,730179E-5;-6,502871E-5
2,326512E1;3,979944E-5;-6,596644E-5;3,827103E-5;-6,710578E-5;3,911732E-5;-6,727454E-5;4,114323E-5;-6,751516E-5;3,731591E-5;-6,499782E-5
2,333178E1;3,972784E-5;-6,603692E-5;3,817306E-5;-6,717276E-5;3,901955E-5;-6,734152E-5;4,105250E-5;-6,757833E-5;3,723460E-5;-6,506957E-5
2,339844E1;3,965479E-5;-6,583789E-5;3,810207E-5;-6,698842E-5;3,895068E-5;-6,714563E-5;4,098308E-5;-6,739049E-5;3,715347E-5;-6,487729E-5
2,346510E1;3,981704E-5;-6,587046E-5;3,823207E-5;-6,700212E-5;3,909407E-5;-6,716842E-5;4,111676E-5;-6,742287E-5;3,731237E-5;-6,490734E-5
2,353176E1;3,992022E-5;-6,590298E-5;3,834241E-5;-6,704732E-5;3,921774E-5;-6,722135E-5;4,122413E-5;-6,746129E-5;3,742546E-5;-6,495129E-5
2,359843E1;4,003362E-5;-6,606589E-5;3,846281E-5;-6,721115E-5;3,932645E-5;-6,738949E-5;4,132587E-5;-6,761223E-5;3,753811E-5;-6,511456E-5
2,366509E1;4,002317E-5;-6,616016E-5;3,843443E-5;-6,733255E-5;3,929946E-5;-6,750914E-5;4,131985E-5;-6,767469E-5;3,751443E-5;-6,522055E-5
2,373175E1;3,998869E-5;-6,611869E-5;3,841097E-5;-6,728120E-5;3,927015E-5;-6,745171E-5;4,128852E-5;-6,763783E-5;3,747972E-5;-6,517111E-5
2,379841E1;3,997450E-5;-6,612427E-5;3,838656E-5;-6,726998E-5;3,925319E-5;-6,743904E-5;4,126598E-5;-6,764896E-5;3,746495E-5;-6,517294E-5
2,386508E1;3,995539E-5;-6,613132E-5;3,836353E-5;-6,726785E-5;3,922734E-5;-6,743718E-5;4,124292E-5;-6,766576E-5;3,744532E-5;-6,517536E-5
2,393174E1;3,997319E-5;-6,623999E-5;3,839256E-5;-6,739964E-5;3,925793E-5;-6,758168E-5;4,127172E-5;-6,778485E-5;3,746646E-5;-6,529655E-5
2,399840E1;4,012911E-5;-6,632125E-5;3,855841E-5;-6,747644E-5;3,941829E-5;-6,763942E-5;4,142630E-5;-6,782458E-5;3,762272E-5;-6,537698E-5
2,406506E1;4,012014E-5;-6,620246E-5;3,855647E-5;-6,735624E-5;3,941704E-5;-6,752879E-5;4,142569E-5;-6,772613E-5;3,761200E-5;-6,525862E-5
2,413172E1;4,021573E-5;-6,636741E-5;3,867333E-5;-6,752107E-5;3,952808E-5;-6,768574E-5;4,152075E-5;-6,791176E-5;3,770394E-5;-6,542650E-5
2,419839E1;4,036837E-5;-6,650861E-5;3,881960E-5;-6,767205E-5;3,968373E-5;-6,783771E-5;4,165925E-5;-6,805312E-5;3,786011E-5;-6,556758E-5
2,426505E1;4,035202E-5;-6,650322E-5;3,877485E-5;-6,765195E-5;3,963422E-5;-6,781484E-5;4,162921E-5;-6,804711E-5;3,783420E-5;-6,555527E-5
2,433171E1;4,032896E-5;-6,636456E-5;3,876432E-5;-6,751450E-5;3,961781E-5;-6,767348E-5;4,162249E-5;-6,791054E-5;3,781695E-5;-6,541525E-5
2,439837E1;4,022209E-5;-6,630457E-5;3,864617E-5;-6,746671E-5;3,950420E-5;-6,762407E-5;4,151194E-5;-6,785858E-5;3,771016E-5;-6,535583E-5
2,446504E1;4,016830E-5;-6,628831E-5;3,859704E-5;-6,744381E-5;3,944757E-5;-6,759928E-5;4,147291E-5;-6,784299E-5;3,765825E-5;-6,533901E-5
2,453170E1;4,020077E-5;-6,633858E-5;3,866200E-5;-6,746689E-5;3,950454E-5;-6,766680E-5;4,151748E-5;-6,790075E-5;3,769247E-5;-6,538612E-5
2,459836E1;4,019213E-5;-6,638411E-5;3,870281E-5;-6,751477E-5;3,950259E-5;-6,770918E-5;4,151303E-5;-6,794034E-5;3,768812E-5;-6,542746E-5
2,466502E1;4,014651E-5;-6,639153E-5;3,866647E-5;-6,752228E-5;3,944930E-5;-6,770387E-5;4,146171E-5;-6,794789E-5;3,761805E-5;-6,544280E-5
2,473168E1;4,020930E-5;-6,646434E-5;3,873738E-5;-6,761257E-5;3,949224E-5;-6,779312E-5;4,151352E-5;-6,802788E-5;3,769866E-5;-6,556197E-5
2,479835E1;4,017699E-5;-6,644373E-5;3,873101E-5;-6,757846E-5;3,947510E-5;-6,775916E-5;4,148750E-5;-6,799451E-5;3,767199E-5;-6,551948E-5
2,486501E1;4,023245E-5;-6,634642E-5;3,880349E-5;-6,748685E-5;3,955400E-5;-6,763157E-5;4,156325E-5;-6,788540E-5;3,773633E-5;-6,540382E-5
2,493167E1;4,029771E-5;-6,641501E-5;3,889176E-5;-6,754879E-5;3,964554E-5;-6,772454E-5;4,166362E-5;-6,797113E-5;3,783499E-5;-6,548014E-5
2,499833E1;4,040716E-5;-6,660696E-5;3,898253E-5;-6,771346E-5;3,972754E-5;-6,791662E-5;4,175213E-5;-6,816805E-5;3,792925E-5;-6,567666E-5
2,506500E1;4,029558E-5;-6,653459E-5;3,889609E-5;-6,761560E-5;3,969240E-5;-6,787791E-5;4,169792E-5;-6,810592E-5;3,786127E-5;-6,559183E-5
2,513166E1;4,023073E-5;-6,651181E-5;3,883856E-5;-6,761819E-5;3,962022E-5;-6,785183E-5;4,162169E-5;-6,808166E-5;3,778457E-5;-6,557587E-5
2,519832E1;4,029527E-5;-6,646697E-5;3,892249E-5;-6,758860E-5;3,967268E-5;-6,780827E-5;4,168290E-5;-6,804102E-5;3,786474E-5;-6,552457E-5
2,526498E1;4,016897E-5;-6,642160E-5;3,879558E-5;-6,755212E-5;3,951388E-5;-6,776156E-5;4,153898E-5;-6,797825E-5;3,771065E-5;-6,547958E-5
2,533164E1;4,016533E-5;-6,649306E-5;3,876351E-5;-6,758505E-5;3,950230E-5;-6,782261E-5;4,156203E-5;-6,804843E-5;3,769798E-5;-6,554765E-5
2,539831E1;4,021846E-5;-6,648883E-5;3,880550E-5;-6,761373E-5;3,954626E-5;-6,778915E-5;4,163289E-5;-6,804286E-5;3,774460E-5;-6,553647E-5
2,546497E1;4,016734E-5;-6,649468E-5;3,875825E-5;-6,761352E-5;3,952815E-5;-6,779444E-5;4,159829E-5;-6,804891E-5;3,772574E-5;-6,554919E-5
2,553163E1;4,012600E-5;-6,646461E-5;3,869253E-5;-6,757946E-5;3,948958E-5;-6,779293E-5;4,155413E-5;-6,801878E-5;3,770654E-5;-6,551252E-5
2,559829E1;4,025565E-5;-6,656261E-5;3,883734E-5;-6,767675E-5;3,962330E-5;-6,787133E-5;4,169227E-5;-6,812016E-5;3,781968E-5;-6,560714E-5
2,566496E1;4,025804E-5;-6,665311E-5;3,883222E-5;-6,778065E-5;3,959056E-5;-6,797391E-5;4,165126E-5;-6,820880E-5;3,779856E-5;-6,570091E-5
2,573162E1;4,026542E-5;-6,657982E-5;3,885801E-5;-6,771717E-5;3,957236E-5;-6,790273E-5;4,162179E-5;-6,813984E-5;3,778715E-5;-6,563224E-5
2,579828E1;4,037765E-5;-6,672580E-5;3,894300E-5;-6,783091E-5;3,969515E-5;-6,802910E-5;4,173229E-5;-6,827574E-5;3,789626E-5;-6,576287E-5
2,586494E1;4,042868E-5;-6,668209E-5;3,901534E-5;-6,779988E-5;3,979440E-5;-6,801915E-5;4,181866E-5;-6,825255E-5;3,799537E-5;-6,574066E-5
2,593160E1;4,046561E-5;-6,673598E-5;3,904375E-5;-6,785608E-5;3,980632E-5;-6,805996E-5;4,182730E-5;-6,829336E-5;3,799405E-5;-6,578926E-5
2,599827E1;4,052377E-5;-6,672485E-5;3,909105E-5;-6,786891E-5;3,984067E-5;-6,805967E-5;4,185947E-5;-6,829073E-5;3,803662E-5;-6,583938E-5
2,606493E1;4,043270E-5;-6,676916E-5;3,900822E-5;-6,791113E-5;3,974255E-5;-6,810299E-5;4,175762E-5;-6,833471E-5;3,795720E-5;-6,590565E-5
2,613159E1;4,054572E-5;-6,678145E-5;3,912151E-5;-6,794277E-5;3,985025E-5;-6,812894E-5;4,186361E-5;-6,836085E-5;3,805600E-5;-6,589762E-5
2,619825E1;4,058286E-5;-6,686416E-5;3,915963E-5;-6,802836E-5;3,989367E-5;-6,819006E-5;4,191268E-5;-6,842701E-5;3,809337E-5;-6,595432E-5
2,626492E1;4,064980E-5;-6,681457E-5;3,917117E-5;-6,795840E-5;3,994330E-5;-6,813826E-5;4,195931E-5;-6,837461E-5;3,815290E-5;-6,589116E-5
2,633158E1;4,073242E-5;-6,681916E-5;3,928237E-5;-6,796368E-5;4,002924E-5;-6,814057E-5;4,203906E-5;-6,837089E-5;3,823270E-5;-6,588087E-5
2,639824E1;4,065074E-5;-6,674981E-5;3,922186E-5;-6,789581E-5;3,994196E-5;-6,807406E-5;4,195939E-5;-6,831253E-5;3,818491E-5;-6,581271E-5
2,646490E1;4,066320E-5;-6,681678E-5;3,922255E-5;-6,792342E-5;3,995754E-5;-6,814702E-5;4,197250E-5;-6,837814E-5;3,818588E-5;-6,587864E-5
2,653156E1;4,056969E-5;-6,683111E-5;3,911504E-5;-6,795292E-5;3,984778E-5;-6,815626E-5;4,186293E-5;-6,839217E-5;3,808300E-5;-6,588184E-5
2,659823E1;4,044523E-5;-6,680737E-5;3,898253E-5;-6,791862E-5;3,971297E-5;-6,810436E-5;4,174109E-5;-6,834313E-5;3,799248E-5;-6,585625E-5
2,666489E1;4,047122E-5;-6,680933E-5;3,898391E-5;-6,793210E-5;3,975277E-5;-6,811112E-5;4,177481E-5;-6,834567E-5;3,800763E-5;-6,585597E-5
