#multi:
;masa A;;masa B;;masa C;;masa D;;masa E;;masa F;;
t;x;y;x;y;x;y;x;y;x;y;x;y;
0,000000E0;4,023987E-5;-7,000461E-5;4,056389E-5;-6,849249E-5;3,932180E-5;-6,908654E-5;4,207601E-5;-6,919455E-5;4,164398E-5;-7,065266E-5;3,932180E-5;-6,768243E-5
6,666222E-2;4,020679E-5;-7,003026E-5;4,053592E-5;-6,852454E-5;3,929629E-5;-6,911243E-5;4,206153E-5;-6,922593E-5;4,161720E-5;-7,068376E-5;3,929093E-5;-6,770360E-5
1,333244E-1;4,028351E-5;-7,005968E-5;4,061085E-5;-6,854866E-5;3,937145E-5;-6,913952E-5;4,213421E-5;-6,924690E-5;4,169758E-5;-7,071014E-5;3,936994E-5;-6,773262E-5
1,999867E-1;4,018221E-5;-7,008871E-5;4,051291E-5;-6,857547E-5;3,926558E-5;-6,917064E-5;4,203871E-5;-6,926059E-5;4,159607E-5;-7,073761E-5;3,926843E-5;-6,776433E-5
2,666489E-1;4,026703E-5;-7,021461E-5;4,060852E-5;-6,873299E-5;3,936252E-5;-6,929992E-5;4,212765E-5;-6,941216E-5;4,170293E-5;-7,088812E-5;3,935264E-5;-6,789913E-5
3,333111E-1;4,034293E-5;-7,017977E-5;4,067972E-5;-6,868014E-5;3,942880E-5;-6,926294E-5;4,219234E-5;-6,937724E-5;4,176692E-5;-7,083847E-5;3,942741E-5;-6,785771E-5
3,999733E-1;4,031373E-5;-7,004202E-5;4,063363E-5;-6,853700E-5;3,939775E-5;-6,912044E-5;4,214215E-5;-6,924131E-5;4,172062E-5;-7,069358E-5;3,939676E-5;-6,771629E-5
4,666356E-1;4,006819E-5;-6,990044E-5;4,038855E-5;-6,840463E-5;3,915837E-5;-6,898253E-5;4,190696E-5;-6,911982E-5;4,147925E-5;-7,054721E-5;3,915187E-5;-6,757219E-5
5,332978E-1;4,004324E-5;-6,983927E-5;4,035977E-5;-6,835544E-5;3,913071E-5;-6,892340E-5;4,187949E-5;-6,911905E-5;4,145178E-5;-7,049990E-5;3,912067E-5;-6,750507E-5
5,999600E-1;4,010955E-5;-6,991197E-5;4,042185E-5;-6,841534E-5;3,919523E-5;-6,899422E-5;4,195079E-5;-6,920009E-5;4,151590E-5;-7,056314E-5;3,919073E-5;-6,758252E-5
6,666222E-1;4,010017E-5;-6,984806E-5;4,042660E-5;-6,840229E-5;3,918632E-5;-6,892466E-5;4,194708E-5;-6,917166E-5;4,150804E-5;-7,050504E-5;3,918003E-5;-6,751229E-5
7,332844E-1;4,007694E-5;-6,977704E-5;4,040004E-5;-6,832427E-5;3,916371E-5;-6,884756E-5;4,190886E-5;-6,912250E-5;4,148316E-5;-7,043829E-5;3,915761E-5;-6,743934E-5
7,999467E-1;4,015351E-5;-6,983693E-5;4,047783E-5;-6,836133E-5;3,924489E-5;-6,889544E-5;4,198734E-5;-6,917476E-5;4,156391E-5;-7,048033E-5;3,923759E-5;-6,748376E-5
8,666089E-1;4,009161E-5;-6,979806E-5;4,041650E-5;-6,831609E-5;3,922270E-5;-6,887900E-5;4,192449E-5;-6,914088E-5;4,154560E-5;-7,046420E-5;3,921894E-5;-6,747302E-5
9,332711E-1;4,012943E-5;-6,982692E-5;4,045609E-5;-6,834549E-5;3,925817E-5;-6,888660E-5;4,196943E-5;-6,919056E-5;4,157684E-5;-7,047636E-5;3,925494E-5;-6,748623E-5
9,999333E-1;4,008068E-5;-6,979587E-5;4,041234E-5;-6,830599E-5;3,923898E-5;-6,886277E-5;4,192200E-5;-6,915150E-5;4,156249E-5;-7,044732E-5;3,923330E-5;-6,747816E-5
1,066596E0;4,020326E-5;-6,983031E-5;4,054282E-5;-6,834326E-5;3,938344E-5;-6,890924E-5;4,204894E-5;-6,918907E-5;4,170925E-5;-7,049417E-5;3,933750E-5;-6,750553E-5
1,133258E0;4,030718E-5;-6,986284E-5;4,064026E-5;-6,837088E-5;3,945290E-5;-6,894977E-5;4,214543E-5;-6,921560E-5;4,178756E-5;-7,052528E-5;3,942685E-5;-6,754392E-5
1,199920E0;4,021643E-5;-6,986256E-5;4,056296E-5;-6,836555E-5;3,939327E-5;-6,893879E-5;4,207092E-5;-6,921088E-5;4,171878E-5;-7,052227E-5;3,936906E-5;-6,753653E-5
1,266582E0;4,024007E-5;-6,984117E-5;4,058357E-5;-6,833655E-5;3,939037E-5;-6,891699E-5;4,209243E-5;-6,918340E-5;4,171715E-5;-7,049717E-5;3,937491E-5;-6,751534E-5
1,333244E0;4,029121E-5;-6,993138E-5;4,063641E-5;-6,842765E-5;3,943283E-5;-6,902285E-5;4,214752E-5;-6,927057E-5;4,176466E-5;-7,059252E-5;3,941798E-5;-6,762025E-5
1,399907E0;4,023104E-5;-6,998742E-5;4,058136E-5;-6,848736E-5;3,939527E-5;-6,906558E-5;4,210704E-5;-6,927300E-5;4,172533E-5;-7,064850E-5;3,938495E-5;-6,766211E-5
1,466569E0;4,018015E-5;-7,006252E-5;4,051295E-5;-6,855167E-5;3,931257E-5;-6,916406E-5;4,199778E-5;-6,930396E-5;4,164212E-5;-7,072824E-5;3,930687E-5;-6,776211E-5
1,533231E0;4,010858E-5;-6,996102E-5;4,043180E-5;-6,846572E-5;3,922948E-5;-6,904789E-5;4,195931E-5;-6,925569E-5;4,154963E-5;-7,062394E-5;3,921701E-5;-6,763980E-5
1,599893E0;4,011743E-5;-6,987472E-5;4,044193E-5;-6,838253E-5;3,923101E-5;-6,895056E-5;4,195143E-5;-6,914836E-5;4,155244E-5;-7,053627E-5;3,922432E-5;-6,753829E-5
1,666556E0;4,009360E-5;-6,982954E-5;4,042249E-5;-6,833591E-5;3,920424E-5;-6,890240E-5;4,192950E-5;-6,913088E-5;4,152233E-5;-7,049095E-5;3,919402E-5;-6,749169E-5
1,733218E0;4,010815E-5;-6,984627E-5;4,042857E-5;-6,835087E-5;3,921413E-5;-6,891919E-5;4,193579E-5;-6,916899E-5;4,152751E-5;-7,050361E-5;3,920490E-5;-6,751093E-5
1,799880E0;4,014302E-5;-6,986469E-5;4,046009E-5;-6,835863E-5;3,925003E-5;-6,892608E-5;4,196888E-5;-6,919204E-5;4,156185E-5;-7,051235E-5;3,924216E-5;-6,752103E-5
1,866542E0;4,014740E-5;-6,984223E-5;4,045697E-5;-6,833720E-5;3,929745E-5;-6,891364E-5;4,195800E-5;-6,917920E-5;4,161289E-5;-7,049474E-5;3,929112E-5;-6,751116E-5
1,933204E0;4,019778E-5;-6,984672E-5;4,051376E-5;-6,834967E-5;3,936899E-5;-6,892883E-5;4,200879E-5;-6,919178E-5;4,168685E-5;-7,050542E-5;3,936233E-5;-6,752938E-5
1,999867E0;4,027264E-5;-6,987778E-5;4,059488E-5;-6,837815E-5;3,941941E-5;-6,895538E-5;4,209562E-5;-6,922877E-5;4,173755E-5;-7,053197E-5;3,941927E-5;-6,755150E-5
2,066529E0;4,015206E-5;-6,982755E-5;4,047446E-5;-6,833107E-5;3,932153E-5;-6,890910E-5;4,198689E-5;-6,919423E-5;4,164363E-5;-7,048726E-5;3,932000E-5;-6,750272E-5
2,133191E0;4,027108E-5;-6,983078E-5;4,060229E-5;-6,833165E-5;3,946701E-5;-6,891333E-5;4,210447E-5;-6,918230E-5;4,179573E-5;-7,049133E-5;3,946048E-5;-6,750551E-5
2,199853E0;4,021178E-5;-6,982740E-5;4,053599E-5;-6,832206E-5;3,941317E-5;-6,891222E-5;4,204155E-5;-6,917959E-5;4,173565E-5;-7,048435E-5;3,941514E-5;-6,750116E-5
2,266516E0;4,023330E-5;-6,982168E-5;4,056381E-5;-6,831829E-5;3,944785E-5;-6,890555E-5;4,207322E-5;-6,917744E-5;4,177414E-5;-7,047777E-5;3,945130E-5;-6,749731E-5
2,333178E0;4,020120E-5;-6,982563E-5;4,052701E-5;-6,832477E-5;3,942373E-5;-6,891012E-5;4,203924E-5;-6,918484E-5;4,174440E-5;-7,048246E-5;3,942449E-5;-6,749813E-5
2,399840E0;4,019538E-5;-6,982594E-5;4,051899E-5;-6,832505E-5;3,941968E-5;-6,890704E-5;4,203020E-5;-6,918521E-5;4,174398E-5;-7,048272E-5;3,941859E-5;-6,749559E-5
2,466502E0;4,023665E-5;-6,984982E-5;4,056390E-5;-6,834279E-5;3,946813E-5;-6,893308E-5;4,207102E-5;-6,920393E-5;4,179023E-5;-7,049983E-5;3,946710E-5;-6,752470E-5
2,533164E0;4,027773E-5;-6,984918E-5;4,060649E-5;-6,834386E-5;3,951547E-5;-6,893379E-5;4,211605E-5;-6,919949E-5;4,183543E-5;-7,050123E-5;3,951441E-5;-6,752573E-5
2,599827E0;4,024578E-5;-6,985414E-5;4,057483E-5;-6,834623E-5;3,948699E-5;-6,893647E-5;4,209013E-5;-6,920204E-5;4,180557E-5;-7,050552E-5;3,948486E-5;-6,752953E-5
2,666489E0;4,012638E-5;-6,979593E-5;4,046189E-5;-6,829885E-5;3,936115E-5;-6,887571E-5;4,197647E-5;-6,915942E-5;4,168765E-5;-7,045074E-5;3,935386E-5;-6,746876E-5
2,733151E0;4,021945E-5;-6,985703E-5;4,054975E-5;-6,835444E-5;3,945986E-5;-6,893669E-5;4,206031E-5;-6,921083E-5;4,177771E-5;-7,051112E-5;3,945590E-5;-6,752491E-5
2,799813E0;4,025084E-5;-6,989116E-5;4,058307E-5;-6,839226E-5;3,949103E-5;-6,897264E-5;4,209693E-5;-6,925093E-5;4,181154E-5;-7,054787E-5;3,948990E-5;-6,756406E-5
2,866476E0;4,020715E-5;-6,984286E-5;4,053818E-5;-6,834217E-5;3,944876E-5;-6,892540E-5;4,204876E-5;-6,920240E-5;4,177095E-5;-7,049920E-5;3,944595E-5;-6,751398E-5
2,933138E0;4,019265E-5;-6,983119E-5;4,051379E-5;-6,832643E-5;3,943382E-5;-6,891236E-5;4,202155E-5;-6,918443E-5;4,175532E-5;-7,048504E-5;3,943433E-5;-6,750103E-5
2,999800E0;4,017184E-5;-6,981476E-5;4,049969E-5;-6,831049E-5;3,940943E-5;-6,889431E-5;4,201514E-5;-6,916919E-5;4,173268E-5;-7,046807E-5;3,940854E-5;-6,748467E-5
3,066462E0;4,017622E-5;-6,980573E-5;4,050302E-5;-6,830199E-5;3,941484E-5;-6,888455E-5;4,202067E-5;-6,915859E-5;4,174080E-5;-7,045689E-5;3,940989E-5;-6,747048E-5
3,133124E0;4,029375E-5;-6,984906E-5;4,062063E-5;-6,833504E-5;3,953679E-5;-6,892847E-5;4,213615E-5;-6,919032E-5;4,185585E-5;-7,049285E-5;3,953382E-5;-6,752244E-5
3,199787E0;4,024097E-5;-6,981372E-5;4,057239E-5;-6,831068E-5;3,948612E-5;-6,889393E-5;4,209024E-5;-6,916923E-5;4,180933E-5;-7,046576E-5;3,948039E-5;-6,748632E-5
3,266449E0;4,023180E-5;-6,985117E-5;4,056550E-5;-6,834617E-5;3,947744E-5;-6,893175E-5;4,207618E-5;-6,920832E-5;4,179997E-5;-7,050230E-5;3,947151E-5;-6,752512E-5
3,333111E0;4,023640E-5;-6,985228E-5;4,056244E-5;-6,834481E-5;3,948006E-5;-6,893197E-5;4,206892E-5;-6,920252E-5;4,180146E-5;-7,050207E-5;3,947577E-5;-6,752214E-5
3,399773E0;4,026728E-5;-6,983020E-5;4,059814E-5;-6,832885E-5;3,951137E-5;-6,891174E-5;4,210606E-5;-6,918983E-5;4,183390E-5;-7,048160E-5;3,950642E-5;-6,750594E-5
3,466436E0;4,019364E-5;-6,982241E-5;4,052130E-5;-6,831947E-5;3,943720E-5;-6,890317E-5;4,202921E-5;-6,918069E-5;4,175951E-5;-7,047603E-5;3,943148E-5;-6,749278E-5
3,533098E0;4,032947E-5;-6,984690E-5;4,064649E-5;-6,835043E-5;3,957152E-5;-6,894287E-5;4,215278E-5;-6,920766E-5;4,188771E-5;-7,051092E-5;3,957195E-5;-6,753904E-5
3,599760E0;4,036311E-5;-6,989442E-5;4,063591E-5;-6,839012E-5;3,955550E-5;-6,897932E-5;4,215194E-5;-6,924944E-5;4,187214E-5;-7,054716E-5;3,956146E-5;-6,757834E-5
3,666422E0;4,025038E-5;-6,980477E-5;4,051714E-5;-6,828725E-5;3,943353E-5;-6,888139E-5;4,203028E-5;-6,914565E-5;4,175692E-5;-7,045094E-5;3,942858E-5;-6,747033E-5
3,733084E0;4,030505E-5;-6,984369E-5;4,057993E-5;-6,832841E-5;3,949930E-5;-6,891939E-5;4,209609E-5;-6,918490E-5;4,181899E-5;-7,049101E-5;3,949754E-5;-6,751155E-5
3,799747E0;4,037806E-5;-6,987246E-5;4,064689E-5;-6,835746E-5;3,957224E-5;-6,895669E-5;4,216343E-5;-6,921624E-5;4,188637E-5;-7,051771E-5;3,957976E-5;-6,754905E-5
3,866409E0;4,023839E-5;-6,982818E-5;4,051537E-5;-6,831629E-5;3,941811E-5;-6,890685E-5;4,207274E-5;-6,917809E-5;4,174631E-5;-7,047681E-5;3,945364E-5;-6,749665E-5
3,933071E0;4,026293E-5;-6,984151E-5;4,054492E-5;-6,832660E-5;3,946250E-5;-6,891977E-5;4,207736E-5;-6,918032E-5;4,178334E-5;-7,048499E-5;3,948353E-5;-6,751166E-5
3,999733E0;4,030142E-5;-6,983935E-5;4,059738E-5;-6,832248E-5;3,951106E-5;-6,891707E-5;4,212684E-5;-6,918049E-5;4,183237E-5;-7,048451E-5;3,952977E-5;-6,751333E-5
4,066396E0;4,031822E-5;-6,984891E-5;4,061460E-5;-6,832612E-5;3,953170E-5;-6,892554E-5;4,213795E-5;-6,918081E-5;4,185200E-5;-7,048926E-5;3,954667E-5;-6,751873E-5
4,133058E0;4,028878E-5;-6,983915E-5;4,059982E-5;-6,832106E-5;3,951743E-5;-6,891472E-5;4,212279E-5;-6,917943E-5;4,183723E-5;-7,048312E-5;3,952772E-5;-6,751171E-5
4,199720E0;4,032180E-5;-6,984627E-5;4,062894E-5;-6,833362E-5;3,954748E-5;-6,892291E-5;4,214869E-5;-6,919524E-5;4,186908E-5;-7,049426E-5;3,955480E-5;-6,751707E-5
4,266382E0;4,026527E-5;-6,987526E-5;4,059711E-5;-6,836240E-5;3,950209E-5;-6,895108E-5;4,211394E-5;-6,922136E-5;4,182662E-5;-7,052244E-5;3,949861E-5;-6,753959E-5
4,333044E0;4,026336E-5;-6,987172E-5;4,058510E-5;-6,835278E-5;3,950219E-5;-6,894743E-5;4,209092E-5;-6,920708E-5;4,182218E-5;-7,051600E-5;3,949856E-5;-6,753388E-5
4,399707E0;4,029821E-5;-6,984215E-5;4,061813E-5;-6,832558E-5;3,953984E-5;-6,891770E-5;4,212767E-5;-6,918069E-5;4,185830E-5;-7,048663E-5;3,953591E-5;-6,750642E-5
4,466369E0;4,021859E-5;-6,979634E-5;4,054586E-5;-6,829168E-5;3,946224E-5;-6,887795E-5;4,205150E-5;-6,915047E-5;4,178267E-5;-7,044961E-5;3,945856E-5;-6,746562E-5
4,533031E0;4,019583E-5;-6,980675E-5;4,052579E-5;-6,830043E-5;3,943712E-5;-6,888740E-5;4,202946E-5;-6,915620E-5;4,175984E-5;-7,046197E-5;3,943751E-5;-6,747621E-5
4,599693E0;4,024264E-5;-6,983494E-5;4,057844E-5;-6,832762E-5;3,948622E-5;-6,891426E-5;4,208546E-5;-6,919036E-5;4,181123E-5;-7,048654E-5;3,948144E-5;-6,750736E-5
4,666356E0;4,027751E-5;-6,987164E-5;4,060816E-5;-6,836342E-5;3,952256E-5;-6,895088E-5;4,211820E-5;-6,922728E-5;4,184514E-5;-7,052372E-5;3,951861E-5;-6,754735E-5
4,733018E0;4,032935E-5;-6,984728E-5;4,064625E-5;-6,834161E-5;3,957425E-5;-6,893059E-5;4,215687E-5;-6,920918E-5;4,189168E-5;-7,050013E-5;3,957330E-5;-6,752918E-5
4,799680E0;4,029812E-5;-6,984353E-5;4,058945E-5;-6,833182E-5;3,950163E-5;-6,891863E-5;4,209803E-5;-6,919416E-5;4,182548E-5;-7,049032E-5;3,950010E-5;-6,751431E-5
4,866342E0;4,018971E-5;-6,981040E-5;4,049840E-5;-6,830095E-5;3,940412E-5;-6,889676E-5;4,200912E-5;-6,916063E-5;4,173075E-5;-7,045895E-5;3,940104E-5;-6,749088E-5
4,933004E0;4,027604E-5;-6,982014E-5;4,059357E-5;-6,831754E-5;3,946596E-5;-6,889440E-5;4,210100E-5;-6,917754E-5;4,182537E-5;-7,047262E-5;3,946320E-5;-6,748502E-5
4,999667E0;4,024268E-5;-6,985029E-5;4,056552E-5;-6,834214E-5;3,944716E-5;-6,892777E-5;4,207242E-5;-6,920700E-5;4,179717E-5;-7,050087E-5;3,944436E-5;-6,752180E-5
5,066329E0;4,023768E-5;-6,982819E-5;4,056415E-5;-6,832283E-5;3,945532E-5;-6,890663E-5;4,207328E-5;-6,918485E-5;4,179829E-5;-7,047974E-5;3,945185E-5;-6,749621E-5
5,132991E0;4,023502E-5;-6,983365E-5;4,056738E-5;-6,832795E-5;3,945971E-5;-6,890949E-5;4,207970E-5;-6,919070E-5;4,179882E-5;-7,048273E-5;3,945642E-5;-6,750153E-5
5,199653E0;4,023816E-5;-6,982998E-5;4,057075E-5;-6,832241E-5;3,947135E-5;-6,890772E-5;4,208198E-5;-6,918403E-5;4,180364E-5;-7,048036E-5;3,946406E-5;-6,750089E-5
5,266316E0;4,021895E-5;-6,983299E-5;4,054866E-5;-6,833159E-5;3,945478E-5;-6,890909E-5;4,206342E-5;-6,919208E-5;4,178457E-5;-7,048586E-5;3,945197E-5;-6,750037E-5
5,332978E0;4,023162E-5;-6,982036E-5;4,056510E-5;-6,832244E-5;3,947172E-5;-6,889701E-5;4,207665E-5;-6,918472E-5;4,180031E-5;-7,047371E-5;3,946708E-5;-6,748862E-5
5,399640E0;4,027267E-5;-6,984801E-5;4,060146E-5;-6,833926E-5;3,951494E-5;-6,892443E-5;4,211149E-5;-6,919894E-5;4,183971E-5;-7,049734E-5;3,951077E-5;-6,751852E-5
5,466302E0;4,029371E-5;-6,984380E-5;4,062570E-5;-6,833679E-5;3,953387E-5;-6,891982E-5;4,213335E-5;-6,919236E-5;4,186142E-5;-7,049269E-5;3,952987E-5;-6,751304E-5
5,532964E0;4,028221E-5;-6,987434E-5;4,061091E-5;-6,835667E-5;3,952430E-5;-6,895399E-5;4,211525E-5;-6,921658E-5;4,184797E-5;-7,052100E-5;3,952157E-5;-6,754886E-5
5,599627E0;4,028121E-5;-6,986594E-5;4,060576E-5;-6,835783E-5;3,952491E-5;-6,894753E-5;4,211135E-5;-6,920956E-5;4,184352E-5;-7,051614E-5;3,952051E-5;-6,754141E-5
5,666289E0;4,025125E-5;-6,984468E-5;4,058354E-5;-6,833237E-5;3,949613E-5;-6,892325E-5;4,208718E-5;-6,918833E-5;4,181669E-5;-7,049478E-5;3,948942E-5;-6,751947E-5
5,732951E0;4,021065E-5;-6,984317E-5;4,056038E-5;-6,833783E-5;3,945895E-5;-6,892143E-5;4,207294E-5;-6,920001E-5;4,178455E-5;-7,049854E-5;3,944414E-5;-6,751613E-5
5,799613E0;4,018354E-5;-6,981645E-5;4,052906E-5;-6,831543E-5;3,942802E-5;-6,889403E-5;4,204359E-5;-6,917534E-5;4,175454E-5;-7,047336E-5;3,941785E-5;-6,748731E-5
5,866276E0;4,021157E-5;-6,982221E-5;4,055572E-5;-6,831914E-5;3,945612E-5;-6,890112E-5;4,206878E-5;-6,918202E-5;4,178450E-5;-7,047834E-5;3,944991E-5;-6,749725E-5
5,932938E0;4,028568E-5;-6,985484E-5;4,061943E-5;-6,834328E-5;3,953317E-5;-6,893589E-5;4,212482E-5;-6,920089E-5;4,185537E-5;-7,050735E-5;3,952196E-5;-6,752900E-5
5,999600E0;4,023499E-5;-6,983539E-5;4,056786E-5;-6,832446E-5;3,948188E-5;-6,891642E-5;4,207315E-5;-6,918177E-5;4,180325E-5;-7,048637E-5;3,947339E-5;-6,750795E-5
6,066262E0;4,019602E-5;-6,982795E-5;4,053297E-5;-6,831895E-5;3,944207E-5;-6,890878E-5;4,204333E-5;-6,917814E-5;4,176708E-5;-7,048160E-5;3,943830E-5;-6,750101E-5
6,132924E0;4,028698E-5;-6,983777E-5;4,060933E-5;-6,832979E-5;3,953648E-5;-6,891935E-5;4,211110E-5;-6,918720E-5;4,184964E-5;-7,048913E-5;3,952635E-5;-6,751459E-5
6,199587E0;4,023934E-5;-6,983431E-5;4,057479E-5;-6,832798E-5;3,948934E-5;-6,891182E-5;4,207951E-5;-6,919141E-5;4,180864E-5;-7,048473E-5;3,947828E-5;-6,750619E-5
6,266249E0;4,026594E-5;-6,983840E-5;4,059899E-5;-6,833530E-5;3,951452E-5;-6,891647E-5;4,210869E-5;-6,919717E-5;4,183433E-5;-7,048754E-5;3,950460E-5;-6,750897E-5
6,332911E0;4,026206E-5;-6,982279E-5;4,059345E-5;-6,831257E-5;3,950954E-5;-6,890172E-5;4,210274E-5;-6,917525E-5;4,183204E-5;-7,047008E-5;3,950277E-5;-6,749385E-5
6,399573E0;4,023240E-5;-6,982201E-5;4,056206E-5;-6,831328E-5;3,947753E-5;-6,890241E-5;4,207477E-5;-6,917871E-5;4,180205E-5;-7,047128E-5;3,947663E-5;-6,749721E-5
6,466236E0;4,026642E-5;-6,986430E-5;4,060714E-5;-6,835912E-5;3,951043E-5;-6,894243E-5;4,212007E-5;-6,921203E-5;4,184047E-5;-7,051520E-5;3,951183E-5;-6,753994E-5
6,532898E0;4,026933E-5;-6,986322E-5;4,060686E-5;-6,836075E-5;3,951482E-5;-6,894396E-5;4,212060E-5;-6,921153E-5;4,184224E-5;-7,051751E-5;3,951463E-5;-6,753921E-5
6,599560E0;4,026814E-5;-6,983164E-5;4,060054E-5;-6,833220E-5;3,952106E-5;-6,891292E-5;4,211476E-5;-6,919384E-5;4,184082E-5;-7,048718E-5;3,951332E-5;-6,750673E-5
6,666222E0;4,028517E-5;-6,982624E-5;4,062251E-5;-6,833128E-5;3,953637E-5;-6,890526E-5;4,213384E-5;-6,919105E-5;4,185917E-5;-7,048515E-5;3,953162E-5;-6,750217E-5
6,732884E0;4,027138E-5;-6,983997E-5;4,060350E-5;-6,834042E-5;3,952552E-5;-6,891737E-5;4,211648E-5;-6,919785E-5;4,184427E-5;-7,049714E-5;3,951784E-5;-6,751151E-5
6,799547E0;4,021512E-5;-6,982112E-5;4,055353E-5;-6,832867E-5;3,946673E-5;-6,889829E-5;4,206859E-5;-6,919156E-5;4,178819E-5;-7,048128E-5;3,945833E-5;-6,749198E-5
6,866209E0;4,024491E-5;-6,984063E-5;4,057423E-5;-6,833547E-5;3,949561E-5;-6,892136E-5;4,208721E-5;-6,919651E-5;4,181454E-5;-7,049495E-5;3,949084E-5;-6,751341E-5
6,932871E0;4,016889E-5;-6,982372E-5;4,049431E-5;-6,831690E-5;3,940963E-5;-6,890011E-5;4,200480E-5;-6,917591E-5;4,173433E-5;-7,047711E-5;3,940705E-5;-6,751188E-5
6,999533E0;4,013405E-5;-6,983634E-5;4,046599E-5;-6,832811E-5;3,938018E-5;-6,891536E-5;4,197334E-5;-6,918718E-5;4,170243E-5;-7,048551E-5;3,933170E-5;-6,750132E-5
7,066196E0;4,007021E-5;-6,981625E-5;4,041810E-5;-6,829884E-5;3,931341E-5;-6,889305E-5;4,192743E-5;-6,915770E-5;4,164558E-5;-7,046365E-5;3,927982E-5;-6,747890E-5
7,132858E0;4,021672E-5;-6,987138E-5;4,055373E-5;-6,834253E-5;3,945901E-5;-6,894880E-5;4,206147E-5;-6,920183E-5;4,178531E-5;-7,051621E-5;3,943759E-5;-6,754163E-5
7,199520E0;4,020124E-5;-6,984740E-5;4,053721E-5;-6,832203E-5;3,944346E-5;-6,893097E-5;4,204823E-5;-6,918257E-5;4,176680E-5;-7,049492E-5;3,943301E-5;-6,752328E-5
7,266182E0;4,020599E-5;-6,983160E-5;4,053793E-5;-6,831120E-5;3,945064E-5;-6,891065E-5;4,204768E-5;-6,917291E-5;4,177503E-5;-7,047801E-5;3,943926E-5;-6,750475E-5
7,332844E0;4,035596E-5;-6,984758E-5;4,066674E-5;-6,832941E-5;3,960006E-5;-6,892239E-5;4,216811E-5;-6,918664E-5;4,191562E-5;-7,049312E-5;3,959059E-5;-6,751550E-5
7,399507E0;4,028336E-5;-6,985926E-5;4,060925E-5;-6,834964E-5;3,952545E-5;-6,894034E-5;4,211298E-5;-6,921010E-5;4,184687E-5;-7,050846E-5;3,952158E-5;-6,753042E-5
7,466169E0;4,027693E-5;-6,981708E-5;4,061093E-5;-6,831668E-5;3,952016E-5;-6,889937E-5;4,212437E-5;-6,918033E-5;4,184635E-5;-7,046947E-5;3,951666E-5;-6,749054E-5
7,532831E0;4,029117E-5;-6,983910E-5;4,061978E-5;-6,833478E-5;3,953849E-5;-6,892395E-5;4,212994E-5;-6,919851E-5;4,185967E-5;-7,049064E-5;3,953327E-5;-6,752114E-5
7,599493E0;4,021816E-5;-6,984700E-5;4,055959E-5;-6,834015E-5;3,946611E-5;-6,892597E-5;4,207297E-5;-6,920942E-5;4,179097E-5;-7,049996E-5;3,945902E-5;-6,752064E-5
7,666156E0;4,027391E-5;-6,985044E-5;4,060349E-5;-6,834774E-5;3,952237E-5;-6,893118E-5;4,211379E-5;-6,920937E-5;4,184130E-5;-7,050014E-5;3,951599E-5;-6,752713E-5
7,732818E0;4,026919E-5;-6,985607E-5;4,060514E-5;-6,835427E-5;3,951616E-5;-6,893246E-5;4,211571E-5;-6,921571E-5;4,183917E-5;-7,050641E-5;3,951170E-5;-6,752462E-5
7,799480E0;4,025489E-5;-6,990946E-5;4,058145E-5;-6,840859E-5;3,950178E-5;-6,899183E-5;4,211926E-5;-6,927431E-5;4,182874E-5;-7,056174E-5;3,949958E-5;-6,758891E-5
7,866142E0;4,023921E-5;-6,981528E-5;4,058132E-5;-6,834358E-5;3,948661E-5;-6,889595E-5;4,208846E-5;-6,916258E-5;4,181118E-5;-7,046590E-5;3,948388E-5;-6,748846E-5
7,932804E0;4,024451E-5;-6,984173E-5;4,058276E-5;-6,836138E-5;3,949188E-5;-6,892136E-5;4,208864E-5;-6,918917E-5;4,181110E-5;-7,049291E-5;3,948950E-5;-6,751092E-5
7,999467E0;4,020422E-5;-6,984885E-5;4,055016E-5;-6,836178E-5;3,945301E-5;-6,892706E-5;4,206387E-5;-6,919983E-5;4,177810E-5;-7,049926E-5;3,945285E-5;-6,751646E-5
8,066129E0;4,025632E-5;-6,985936E-5;4,059284E-5;-6,836089E-5;3,950644E-5;-6,893960E-5;4,210015E-5;-6,919060E-5;4,182626E-5;-7,050767E-5;3,950662E-5;-6,753273E-5
8,132791E0;4,021211E-5;-6,983574E-5;4,055397E-5;-6,833639E-5;3,945841E-5;-6,891359E-5;4,206450E-5;-6,917134E-5;4,178650E-5;-7,048839E-5;3,945795E-5;-6,749957E-5
8,199453E0;4,012680E-5;-6,981991E-5;4,047087E-5;-6,831989E-5;3,937145E-5;-6,889188E-5;4,198411E-5;-6,917002E-5;4,170305E-5;-7,046660E-5;3,936535E-5;-6,748317E-5
8,266116E0;4,016470E-5;-6,984653E-5;4,051649E-5;-6,834228E-5;3,941170E-5;-6,892328E-5;4,203157E-5;-6,919368E-5;4,174116E-5;-7,049821E-5;3,940779E-5;-6,750988E-5
8,332778E0;4,025637E-5;-6,985702E-5;4,059885E-5;-6,834902E-5;3,950336E-5;-6,893142E-5;4,211052E-5;-6,920537E-5;4,183326E-5;-7,050197E-5;3,949688E-5;-6,752635E-5
8,399440E0;4,025837E-5;-6,985727E-5;4,059432E-5;-6,834970E-5;3,950546E-5;-6,893158E-5;4,210462E-5;-6,920020E-5;4,182875E-5;-7,050602E-5;3,950019E-5;-6,752154E-5
8,466102E0;4,024835E-5;-6,981898E-5;4,058263E-5;-6,831354E-5;3,949601E-5;-6,889329E-5;4,209243E-5;-6,916610E-5;4,181674E-5;-7,046883E-5;3,949130E-5;-6,748571E-5
8,532764E0;4,023918E-5;-6,985841E-5;4,057848E-5;-6,834980E-5;3,948701E-5;-6,893410E-5;4,208855E-5;-6,920962E-5;4,181105E-5;-7,050784E-5;3,948454E-5;-6,752564E-5
8,599427E0;4,023865E-5;-6,981824E-5;4,057389E-5;-6,830907E-5;3,948522E-5;-6,889485E-5;4,207917E-5;-6,916565E-5;4,180920E-5;-7,046596E-5;3,947945E-5;-6,748758E-5
8,666089E0;4,028083E-5;-6,983787E-5;4,061554E-5;-6,832593E-5;3,952815E-5;-6,891416E-5;4,212537E-5;-6,918251E-5;4,185324E-5;-7,048190E-5;3,952540E-5;-6,750926E-5
8,732751E0;4,022022E-5;-6,980691E-5;4,056160E-5;-6,829031E-5;3,946700E-5;-6,888676E-5;4,207175E-5;-6,915433E-5;4,179563E-5;-7,044938E-5;3,946309E-5;-6,748108E-5
8,799413E0;4,019184E-5;-6,980803E-5;4,052380E-5;-6,829142E-5;3,943940E-5;-6,888497E-5;4,203429E-5;-6,916013E-5;4,176108E-5;-7,045406E-5;3,943593E-5;-6,747735E-5
8,866076E0;4,023712E-5;-6,985752E-5;4,057643E-5;-6,834308E-5;3,948622E-5;-6,893811E-5;4,208795E-5;-6,920601E-5;4,181052E-5;-7,050400E-5;3,948599E-5;-6,753436E-5
8,932738E0;4,024150E-5;-6,982299E-5;4,057896E-5;-6,830896E-5;3,949265E-5;-6,890072E-5;4,209218E-5;-6,917578E-5;4,181683E-5;-7,046964E-5;3,948941E-5;-6,749718E-5
8,999400E0;4,015965E-5;-6,980688E-5;4,048623E-5;-6,829094E-5;3,940538E-5;-6,888953E-5;4,199952E-5;-6,915044E-5;4,172741E-5;-7,046149E-5;3,939739E-5;-6,748541E-5
9,066062E0;4,024771E-5;-6,982498E-5;4,058020E-5;-6,830398E-5;3,946417E-5;-6,889435E-5;4,208905E-5;-6,916239E-5;4,178224E-5;-7,046337E-5;3,945560E-5;-6,748543E-5
9,132724E0;4,024356E-5;-6,983144E-5;4,057947E-5;-6,831434E-5;3,946994E-5;-6,890464E-5;4,208882E-5;-6,917894E-5;4,179009E-5;-7,047391E-5;3,946561E-5;-6,750054E-5
9,199387E0;4,025145E-5;-6,983055E-5;4,058158E-5;-6,831531E-5;3,948393E-5;-6,890602E-5;4,208913E-5;-6,918251E-5;4,180256E-5;-7,047375E-5;3,947453E-5;-6,750054E-5
9,266049E0;4,024354E-5;-6,983212E-5;4,057902E-5;-6,832012E-5;3,948360E-5;-6,891046E-5;4,209224E-5;-6,919151E-5;4,180567E-5;-7,047662E-5;3,947803E-5;-6,750495E-5
9,332711E0;4,022129E-5;-6,984200E-5;4,056171E-5;-6,832604E-5;3,946201E-5;-6,891771E-5;4,207383E-5;-6,919767E-5;4,178429E-5;-7,048391E-5;3,946132E-5;-6,751394E-5
9,399373E0;4,029487E-5;-6,982968E-5;4,063733E-5;-6,831556E-5;3,954143E-5;-6,890683E-5;4,215359E-5;-6,918721E-5;4,186534E-5;-7,047477E-5;3,953983E-5;-6,750791E-5
9,466036E0;4,034912E-5;-6,985896E-5;4,069338E-5;-6,835203E-5;3,959240E-5;-6,893751E-5;4,219492E-5;-6,921878E-5;4,191698E-5;-7,051060E-5;3,959208E-5;-6,753406E-5
9,532698E0;4,031167E-5;-6,987160E-5;4,065602E-5;-6,836591E-5;3,955591E-5;-6,895361E-5;4,216058E-5;-6,925333E-5;4,188014E-5;-7,052650E-5;3,955309E-5;-6,755366E-5
9,599360E0;4,025956E-5;-6,984300E-5;4,063541E-5;-6,834364E-5;3,950666E-5;-6,892558E-5;4,210074E-5;-6,921010E-5;4,182916E-5;-7,049567E-5;3,950050E-5;-6,752545E-5
9,666022E0;4,023311E-5;-6,985132E-5;4,059789E-5;-6,835706E-5;3,948238E-5;-6,893299E-5;4,207996E-5;-6,922220E-5;4,180223E-5;-7,050552E-5;3,947248E-5;-6,752847E-5
9,732684E0;4,025525E-5;-6,984630E-5;4,061737E-5;-6,835077E-5;3,950742E-5;-6,892472E-5;4,210352E-5;-6,921421E-5;4,183092E-5;-7,050029E-5;3,949928E-5;-6,752057E-5
9,799347E0;4,023108E-5;-6,981171E-5;4,057385E-5;-6,831199E-5;3,947885E-5;-6,888770E-5;4,206706E-5;-6,916673E-5;4,180109E-5;-7,046767E-5;3,946704E-5;-6,747504E-5
9,866009E0;4,021942E-5;-6,980798E-5;4,055186E-5;-6,829754E-5;3,946671E-5;-6,888376E-5;4,205344E-5;-6,916386E-5;4,178462E-5;-7,045723E-5;3,946223E-5;-6,747802E-5
9,932671E0;4,023549E-5;-6,982598E-5;4,057050E-5;-6,832093E-5;3,948361E-5;-6,890541E-5;4,207420E-5;-6,918710E-5;4,180323E-5;-7,047856E-5;3,947932E-5;-6,749838E-5
9,999333E0;4,024394E-5;-6,981513E-5;4,057404E-5;-6,830539E-5;3,948905E-5;-6,889158E-5;4,208128E-5;-6,917034E-5;4,181143E-5;-7,046309E-5;3,948666E-5;-6,748723E-5
1,006600E1;4,023268E-5;-6,982846E-5;4,055583E-5;-6,831696E-5;3,948015E-5;-6,890713E-5;4,205996E-5;-6,917743E-5;4,179494E-5;-7,047871E-5;3,947441E-5;-6,750103E-5
1,013266E1;4,020170E-5;-6,982476E-5;4,052731E-5;-6,831912E-5;3,944787E-5;-6,890518E-5;4,203090E-5;-6,918801E-5;4,176672E-5;-7,047677E-5;3,943992E-5;-6,749733E-5
1,019932E1;4,030821E-5;-6,985419E-5;4,063066E-5;-6,835215E-5;3,955652E-5;-6,893305E-5;4,213547E-5;-6,921507E-5;4,186772E-5;-7,050933E-5;3,955348E-5;-6,752782E-5
1,026598E1;4,025815E-5;-6,983142E-5;4,058845E-5;-6,833156E-5;3,950588E-5;-6,891038E-5;4,209404E-5;-6,919744E-5;4,182186E-5;-7,048651E-5;3,950204E-5;-6,750416E-5
1,033264E1;4,013403E-5;-6,981255E-5;4,047379E-5;-6,831500E-5;3,937862E-5;-6,889029E-5;4,198549E-5;-6,918750E-5;4,170642E-5;-7,047094E-5;3,937749E-5;-6,748468E-5
1,039931E1;4,023644E-5;-6,983335E-5;4,057279E-5;-6,833194E-5;3,948498E-5;-6,891476E-5;4,207966E-5;-6,920335E-5;4,180734E-5;-7,048955E-5;3,948213E-5;-6,751313E-5
1,046597E1;4,024988E-5;-6,985129E-5;4,058043E-5;-6,833986E-5;3,949787E-5;-6,893203E-5;4,208650E-5;-6,920613E-5;4,181606E-5;-7,050245E-5;3,949140E-5;-6,752887E-5
1,053263E1;4,012007E-5;-6,982541E-5;4,046774E-5;-6,832343E-5;3,936567E-5;-6,890590E-5;4,198212E-5;-6,919218E-5;4,169671E-5;-7,047961E-5;3,936113E-5;-6,750674E-5
1,059929E1;4,022248E-5;-6,984513E-5;4,056485E-5;-6,833096E-5;3,947166E-5;-6,892425E-5;4,207420E-5;-6,920051E-5;4,179840E-5;-7,049503E-5;3,946558E-5;-6,751936E-5
1,066596E1;4,024048E-5;-6,982716E-5;4,057785E-5;-6,831572E-5;3,949056E-5;-6,890603E-5;4,209191E-5;-6,918352E-5;4,181482E-5;-7,047651E-5;3,948740E-5;-6,750416E-5
1,073262E1;4,015545E-5;-6,980385E-5;4,047866E-5;-6,829783E-5;3,940132E-5;-6,889876E-5;4,199540E-5;-6,916537E-5;4,172148E-5;-7,046989E-5;3,939596E-5;-6,750058E-5
1,079928E1;4,023769E-5;-6,985470E-5;4,057451E-5;-6,834873E-5;3,944750E-5;-6,893642E-5;4,208138E-5;-6,921850E-5;4,177075E-5;-7,050600E-5;3,944297E-5;-6,753334E-5
1,086594E1;4,024177E-5;-6,982561E-5;4,056923E-5;-6,831529E-5;3,946780E-5;-6,890541E-5;4,207359E-5;-6,918489E-5;4,178482E-5;-7,047532E-5;3,946168E-5;-6,750258E-5
1,093260E1;4,024861E-5;-6,985907E-5;4,057964E-5;-6,835141E-5;3,948170E-5;-6,894064E-5;4,208565E-5;-6,922117E-5;4,179803E-5;-7,051171E-5;3,947504E-5;-6,754073E-5
1,099927E1;4,027309E-5;-6,982662E-5;4,060526E-5;-6,832444E-5;3,951007E-5;-6,890856E-5;4,211356E-5;-6,919122E-5;4,183119E-5;-7,047971E-5;3,950360E-5;-6,750856E-5
1,106593E1;4,024381E-5;-6,980052E-5;4,057699E-5;-6,829766E-5;3,948320E-5;-6,888172E-5;4,208577E-5;-6,916270E-5;4,180656E-5;-7,045415E-5;3,947638E-5;-6,747693E-5
1,113259E1;4,022697E-5;-6,981926E-5;4,055680E-5;-6,832187E-5;3,946735E-5;-6,890214E-5;4,207190E-5;-6,919258E-5;4,178610E-5;-7,047613E-5;3,946418E-5;-6,749567E-5
1,119925E1;4,014818E-5;-6,982726E-5;4,047377E-5;-6,833697E-5;3,939117E-5;-6,890344E-5;4,199012E-5;-6,921020E-5;4,170902E-5;-7,048259E-5;3,938431E-5;-6,750197E-5
1,126592E1;4,023773E-5;-6,986076E-5;4,056649E-5;-6,835122E-5;3,948741E-5;-6,893699E-5;4,207254E-5;-6,921530E-5;4,179734E-5;-7,051092E-5;3,948004E-5;-6,753318E-5
1,133258E1;4,026046E-5;-6,982394E-5;4,058830E-5;-6,831144E-5;3,950978E-5;-6,890165E-5;4,209600E-5;-6,917329E-5;4,182554E-5;-7,047318E-5;3,950038E-5;-6,750010E-5
1,139924E1;4,026042E-5;-6,982759E-5;4,058656E-5;-6,832565E-5;3,950557E-5;-6,890820E-5;4,209247E-5;-6,918913E-5;4,182635E-5;-7,048245E-5;3,950035E-5;-6,750149E-5
1,146590E1;4,027988E-5;-6,985986E-5;4,060645E-5;-6,835590E-5;3,952370E-5;-6,894199E-5;4,211141E-5;-6,922024E-5;4,184538E-5;-7,051416E-5;3,952497E-5;-6,753643E-5
1,153256E1;4,025591E-5;-6,983728E-5;4,058749E-5;-6,833537E-5;3,949980E-5;-6,891922E-5;4,209501E-5;-6,920267E-5;4,182399E-5;-7,049235E-5;3,949573E-5;-6,751267E-5
1,159923E1;4,022765E-5;-6,983194E-5;4,056015E-5;-6,831870E-5;3,947490E-5;-6,891258E-5;4,206552E-5;-6,918081E-5;4,179716E-5;-7,048044E-5;3,946788E-5;-6,750607E-5
1,166589E1;4,018880E-5;-6,982005E-5;4,052216E-5;-6,832163E-5;3,943360E-5;-6,890281E-5;4,203385E-5;-6,918598E-5;4,176064E-5;-7,047938E-5;3,942808E-5;-6,749326E-5
1,173255E1;4,022472E-5;-6,982637E-5;4,056730E-5;-6,831868E-5;3,946986E-5;-6,890658E-5;4,207916E-5;-6,918329E-5;4,180018E-5;-7,047997E-5;3,946903E-5;-6,750218E-5
1,179921E1;4,013513E-5;-6,980221E-5;4,047263E-5;-6,829880E-5;3,937641E-5;-6,888285E-5;4,198789E-5;-6,916439E-5;4,170795E-5;-7,045916E-5;3,937700E-5;-6,748003E-5
1,186588E1;4,022588E-5;-6,981849E-5;4,056272E-5;-6,830355E-5;3,947459E-5;-6,889984E-5;4,207526E-5;-6,916664E-5;4,179708E-5;-7,046847E-5;3,947420E-5;-6,749612E-5
1,193254E1;4,015444E-5;-6,981320E-5;4,047993E-5;-6,830119E-5;3,939762E-5;-6,891555E-5;4,199248E-5;-6,916085E-5;4,172366E-5;-7,048960E-5;3,939306E-5;-6,751021E-5
1,199920E1;4,032200E-5;-6,986309E-5;4,063778E-5;-6,835743E-5;3,952692E-5;-6,893881E-5;4,214354E-5;-6,922407E-5;4,184476E-5;-7,051422E-5;3,951946E-5;-6,753131E-5
1,206586E1;4,019238E-5;-6,984143E-5;4,052193E-5;-6,833586E-5;3,939752E-5;-6,893799E-5;4,203731E-5;-6,919670E-5;4,172633E-5;-7,051609E-5;3,939759E-5;-6,753208E-5
1,213252E1;4,022855E-5;-6,986479E-5;4,055621E-5;-6,834722E-5;3,940763E-5;-6,893470E-5;4,206411E-5;-6,920484E-5;4,173115E-5;-7,051065E-5;3,940315E-5;-6,754964E-5
1,219919E1;4,022601E-5;-6,984988E-5;4,056067E-5;-6,833419E-5;3,943021E-5;-6,892099E-5;4,206481E-5;-6,919310E-5;4,174946E-5;-7,049455E-5;3,937000E-5;-6,752799E-5
1,226585E1;4,017588E-5;-6,983186E-5;4,051514E-5;-6,831206E-5;3,938330E-5;-6,892435E-5;4,202725E-5;-6,917068E-5;4,170945E-5;-7,050088E-5;3,929856E-5;-6,749902E-5
1,233251E1;4,022790E-5;-6,986269E-5;4,055847E-5;-6,833390E-5;3,940315E-5;-6,895521E-5;4,206895E-5;-6,919247E-5;4,172653E-5;-7,052043E-5;3,933875E-5;-6,753537E-5
1,239917E1;4,019635E-5;-6,983805E-5;4,052991E-5;-6,831742E-5;3,934058E-5;-6,892556E-5;4,204283E-5;-6,917579E-5;4,166517E-5;-7,049504E-5;3,930305E-5;-6,750986E-5
1,246584E1;4,026111E-5;-6,987345E-5;4,059464E-5;-6,834474E-5;3,939803E-5;-6,895917E-5;4,210115E-5;-6,919732E-5;4,172297E-5;-7,052765E-5;3,936327E-5;-6,754657E-5
1,253250E1;4,022979E-5;-6,984993E-5;4,056649E-5;-6,832707E-5;3,934564E-5;-6,894030E-5;4,207568E-5;-6,917959E-5;4,167444E-5;-7,050759E-5;3,932238E-5;-6,752264E-5
1,259916E1;4,020833E-5;-6,984520E-5;4,054475E-5;-6,832741E-5;3,931086E-5;-6,893404E-5;4,205912E-5;-6,918719E-5;4,163913E-5;-7,050215E-5;3,929437E-5;-6,751965E-5
1,266582E1;4,026688E-5;-6,988323E-5;4,059922E-5;-6,835862E-5;3,936865E-5;-6,896991E-5;4,210416E-5;-6,921019E-5;4,169520E-5;-7,053644E-5;3,935281E-5;-6,755424E-5
1,273248E1;4,022769E-5;-6,987204E-5;4,056362E-5;-6,835769E-5;3,932924E-5;-6,895982E-5;4,207959E-5;-6,921463E-5;4,165355E-5;-7,052761E-5;3,931688E-5;-6,754895E-5
1,279915E1;4,021376E-5;-6,986395E-5;4,055220E-5;-6,836205E-5;3,931123E-5;-6,894798E-5;4,207158E-5;-6,922161E-5;4,163998E-5;-7,052462E-5;3,930120E-5;-6,753775E-5
1,286581E1;4,025303E-5;-6,990956E-5;4,059745E-5;-6,837745E-5;3,935711E-5;-6,897973E-5;4,211344E-5;-6,922594E-5;4,168759E-5;-7,054692E-5;3,934769E-5;-6,757124E-5
1,293247E1;4,012360E-5;-6,994288E-5;4,052767E-5;-6,837223E-5;3,922347E-5;-6,902291E-5;4,204959E-5;-6,922841E-5;4,159668E-5;-7,056052E-5;3,921980E-5;-6,761569E-5
1,299913E1;4,011601E-5;-6,994498E-5;4,053464E-5;-6,833734E-5;3,920723E-5;-6,902438E-5;4,205802E-5;-6,919583E-5;4,160133E-5;-7,051873E-5;3,920505E-5;-6,762141E-5
1,306580E1;4,012952E-5;-6,990172E-5;4,056139E-5;-6,829590E-5;3,921969E-5;-6,897952E-5;4,208703E-5;-6,915997E-5;4,163403E-5;-7,046271E-5;3,922203E-5;-6,758222E-5
1,313246E1;4,018506E-5;-6,974762E-5;4,057938E-5;-6,822620E-5;3,926236E-5;-6,882938E-5;4,210798E-5;-6,909972E-5;4,166789E-5;-7,038545E-5;3,927903E-5;-6,743640E-5
1,319912E1;4,029241E-5;-6,982808E-5;4,061593E-5;-6,828657E-5;3,937705E-5;-6,886817E-5;4,210548E-5;-6,915334E-5;4,171240E-5;-7,044465E-5;3,938465E-5;-6,750397E-5
1,326578E1;4,032313E-5;-6,985329E-5;4,063912E-5;-6,832499E-5;3,941343E-5;-6,889674E-5;4,214520E-5;-6,918203E-5;4,173680E-5;-7,046365E-5;3,940936E-5;-6,750245E-5
1,333244E1;4,032222E-5;-6,986342E-5;4,066894E-5;-6,831536E-5;3,947403E-5;-6,891545E-5;4,218436E-5;-6,916922E-5;4,181935E-5;-7,049003E-5;3,947957E-5;-6,752676E-5
1,339911E1;4,028948E-5;-6,987355E-5;4,068725E-5;-6,834485E-5;3,947205E-5;-6,893477E-5;4,219117E-5;-6,918237E-5;4,181270E-5;-7,051263E-5;3,946780E-5;-6,753138E-5
1,346577E1;4,025911E-5;-6,986958E-5;4,068528E-5;-6,835171E-5;3,946307E-5;-6,893963E-5;4,218386E-5;-6,919402E-5;4,179769E-5;-7,051770E-5;3,945659E-5;-6,752525E-5
1,353243E1;4,022454E-5;-6,984744E-5;4,066886E-5;-6,831884E-5;3,944394E-5;-6,891443E-5;4,218067E-5;-6,916082E-5;4,177622E-5;-7,048667E-5;3,943394E-5;-6,749761E-5
1,359909E1;4,021287E-5;-6,984820E-5;4,066588E-5;-6,832352E-5;3,944034E-5;-6,892191E-5;4,216451E-5;-6,917021E-5;4,176321E-5;-7,049297E-5;3,943225E-5;-6,750505E-5
1,366576E1;4,024943E-5;-6,985793E-5;4,071806E-5;-6,834350E-5;3,948334E-5;-6,893367E-5;4,222265E-5;-6,919970E-5;4,181009E-5;-7,050946E-5;3,948229E-5;-6,752587E-5
1,373242E1;4,019930E-5;-6,982729E-5;4,067191E-5;-6,831316E-5;3,943464E-5;-6,890487E-5;4,218068E-5;-6,916859E-5;4,176333E-5;-7,047562E-5;3,943222E-5;-6,749321E-5
1,379908E1;4,018154E-5;-6,978547E-5;4,066747E-5;-6,827350E-5;3,942300E-5;-6,885584E-5;4,217849E-5;-6,912108E-5;4,175519E-5;-7,043359E-5;3,942003E-5;-6,743978E-5
1,386574E1;4,022022E-5;-6,983058E-5;4,070848E-5;-6,831198E-5;3,946420E-5;-6,889954E-5;4,222556E-5;-6,915946E-5;4,179620E-5;-7,047572E-5;3,946163E-5;-6,748668E-5
1,393240E1;4,025060E-5;-6,984626E-5;4,074341E-5;-6,833338E-5;3,949492E-5;-6,891522E-5;4,226325E-5;-6,918760E-5;4,182457E-5;-7,049306E-5;3,949519E-5;-6,750761E-5
1,399907E1;4,027759E-5;-6,985645E-5;4,075819E-5;-6,833824E-5;3,951975E-5;-6,893375E-5;4,225963E-5;-6,919956E-5;4,184596E-5;-7,050442E-5;3,951008E-5;-6,752535E-5
1,406573E1;4,020305E-5;-6,981550E-5;4,068825E-5;-6,830838E-5;3,944756E-5;-6,889461E-5;4,219940E-5;-6,916677E-5;4,177074E-5;-7,046867E-5;3,944322E-5;-6,748457E-5
1,413239E1;4,024330E-5;-6,980266E-5;4,072939E-5;-6,829842E-5;3,949181E-5;-6,887835E-5;4,223965E-5;-6,915443E-5;4,181239E-5;-7,045603E-5;3,948986E-5;-6,747331E-5
1,419905E1;4,019493E-5;-6,981015E-5;4,068266E-5;-6,830120E-5;3,944087E-5;-6,888735E-5;4,219816E-5;-6,916492E-5;4,176240E-5;-7,046110E-5;3,944002E-5;-6,747911E-5
1,426572E1;4,023501E-5;-6,984279E-5;4,073010E-5;-6,832748E-5;3,948165E-5;-6,891720E-5;4,224459E-5;-6,918527E-5;4,180845E-5;-7,049316E-5;3,947932E-5;-6,750907E-5
1,433238E1;4,026557E-5;-6,985233E-5;4,075542E-5;-6,833515E-5;3,950981E-5;-6,892929E-5;4,226247E-5;-6,919795E-5;4,183656E-5;-7,050032E-5;3,950592E-5;-6,752634E-5
1,439904E1;4,029443E-5;-6,984029E-5;4,077982E-5;-6,831299E-5;3,953938E-5;-6,891242E-5;4,228554E-5;-6,917316E-5;4,186338E-5;-7,048244E-5;3,953421E-5;-6,750801E-5
1,446570E1;4,020367E-5;-6,981903E-5;4,069513E-5;-6,830629E-5;3,944744E-5;-6,889584E-5;4,220653E-5;-6,916826E-5;4,177449E-5;-7,046751E-5;3,944590E-5;-6,749146E-5
1,453236E1;4,025881E-5;-6,984496E-5;4,073774E-5;-6,833404E-5;3,950328E-5;-6,892551E-5;4,224588E-5;-6,920022E-5;4,182311E-5;-7,049604E-5;3,950271E-5;-6,752528E-5
1,459903E1;4,031749E-5;-6,985412E-5;4,078649E-5;-6,834121E-5;3,955944E-5;-6,893482E-5;4,228995E-5;-6,920985E-5;4,187315E-5;-7,050276E-5;3,955825E-5;-6,753861E-5
1,466569E1;4,026145E-5;-6,984168E-5;4,073800E-5;-6,833050E-5;3,950541E-5;-6,892507E-5;4,224001E-5;-6,919745E-5;4,182333E-5;-7,049188E-5;3,949611E-5;-6,752382E-5
1,473235E1;4,023595E-5;-6,982747E-5;4,071157E-5;-6,831423E-5;3,947901E-5;-6,891050E-5;4,221643E-5;-6,917779E-5;4,179548E-5;-7,047816E-5;3,947170E-5;-6,750307E-5
1,479901E1;4,029880E-5;-6,984656E-5;4,076444E-5;-6,833544E-5;3,954391E-5;-6,892953E-5;4,225914E-5;-6,919821E-5;4,185477E-5;-7,049746E-5;3,953405E-5;-6,752561E-5
1,486568E1;4,028205E-5;-6,983016E-5;4,075265E-5;-6,831815E-5;3,952459E-5;-6,891148E-5;4,224884E-5;-6,917664E-5;4,184288E-5;-7,048228E-5;3,951299E-5;-6,750284E-5
1,493234E1;4,017767E-5;-6,978370E-5;4,066246E-5;-6,827036E-5;3,942221E-5;-6,886379E-5;4,216714E-5;-6,913091E-5;4,174321E-5;-7,043416E-5;3,941507E-5;-6,745515E-5
1,499900E1;4,026646E-5;-6,984201E-5;4,074700E-5;-6,833513E-5;3,951232E-5;-6,892313E-5;4,225228E-5;-6,920347E-5;4,183397E-5;-7,049449E-5;3,951302E-5;-6,752165E-5
1,506566E1;4,022196E-5;-6,979347E-5;4,071685E-5;-6,829507E-5;3,946856E-5;-6,887665E-5;4,223501E-5;-6,916571E-5;4,179535E-5;-7,045203E-5;3,947039E-5;-6,747514E-5
1,513232E1;4,024238E-5;-6,983080E-5;4,073942E-5;-6,833047E-5;3,949038E-5;-6,891459E-5;4,225183E-5;-6,919779E-5;4,181492E-5;-7,048790E-5;3,948561E-5;-6,750815E-5
1,519899E1;4,020326E-5;-6,983599E-5;4,070445E-5;-6,833542E-5;3,945156E-5;-6,891840E-5;4,221992E-5;-6,920289E-5;4,177567E-5;-7,049330E-5;3,944879E-5;-6,750834E-5
1,526565E1;4,018554E-5;-6,984622E-5;4,067282E-5;-6,833375E-5;3,943212E-5;-6,892763E-5;4,218486E-5;-6,919272E-5;4,175272E-5;-7,049703E-5;3,942271E-5;-6,751208E-5
1,533231E1;4,026502E-5;-6,988859E-5;4,075999E-5;-6,836784E-5;3,951195E-5;-6,896839E-5;4,228065E-5;-6,923877E-5;4,183186E-5;-7,053313E-5;3,951143E-5;-6,756474E-5
1,539897E1;4,024253E-5;-6,988129E-5;4,074458E-5;-6,836267E-5;3,947784E-5;-6,896126E-5;4,226598E-5;-6,923476E-5;4,181786E-5;-7,052712E-5;3,947633E-5;-6,756259E-5
1,546564E1;4,028693E-5;-6,988131E-5;4,077712E-5;-6,836061E-5;3,952437E-5;-6,896201E-5;4,230207E-5;-6,923114E-5;4,185300E-5;-7,052289E-5;3,952675E-5;-6,755379E-5
1,553230E1;4,030806E-5;-6,984954E-5;4,080109E-5;-6,835176E-5;3,954532E-5;-6,892879E-5;4,232950E-5;-6,921359E-5;4,187313E-5;-7,050269E-5;3,954499E-5;-6,752392E-5
1,559896E1;4,032153E-5;-6,987998E-5;4,080942E-5;-6,837409E-5;3,956130E-5;-6,895418E-5;4,231780E-5;-6,923201E-5;4,188773E-5;-7,053077E-5;3,954866E-5;-6,754561E-5
1,566562E1;4,026570E-5;-6,982032E-5;4,073960E-5;-6,834577E-5;3,950755E-5;-6,890377E-5;4,223538E-5;-6,919924E-5;4,182400E-5;-7,049975E-5;3,949499E-5;-6,748559E-5
1,573228E1;4,021439E-5;-6,982516E-5;4,068111E-5;-6,833522E-5;3,945551E-5;-6,890345E-5;4,217156E-5;-6,918055E-5;4,177646E-5;-7,050026E-5;3,943270E-5;-6,746431E-5
1,579895E1;4,022481E-5;-6,979987E-5;4,068941E-5;-6,829370E-5;3,946394E-5;-6,887138E-5;4,218073E-5;-6,914380E-5;4,178577E-5;-7,045729E-5;3,944348E-5;-6,744324E-5
1,586561E1;4,027341E-5;-6,982028E-5;4,074141E-5;-6,831295E-5;3,951363E-5;-6,889879E-5;4,224079E-5;-6,916714E-5;4,183358E-5;-7,047950E-5;3,949884E-5;-6,747918E-5
1,593227E1;4,025148E-5;-6,981449E-5;4,073359E-5;-6,831408E-5;3,949703E-5;-6,889715E-5;4,223876E-5;-6,917592E-5;4,181638E-5;-7,047563E-5;3,948997E-5;-6,748754E-5
1,599893E1;4,025617E-5;-6,982176E-5;4,073134E-5;-6,831122E-5;3,950190E-5;-6,890237E-5;4,223338E-5;-6,916747E-5;4,181983E-5;-7,047865E-5;3,949043E-5;-6,748727E-5
1,606560E1;4,024135E-5;-6,981305E-5;4,071506E-5;-6,830347E-5;3,948808E-5;-6,889861E-5;4,221814E-5;-6,915767E-5;4,180439E-5;-7,047084E-5;3,947509E-5;-6,747538E-5
1,613226E1;4,021505E-5;-6,979970E-5;4,069795E-5;-6,829114E-5;3,946174E-5;-6,888240E-5;4,220454E-5;-6,914840E-5;4,178358E-5;-7,045646E-5;3,944979E-5;-6,746475E-5
1,619892E1;4,027307E-5;-6,983799E-5;4,076010E-5;-6,832092E-5;3,952110E-5;-6,892290E-5;4,226473E-5;-6,917893E-5;4,184442E-5;-7,049153E-5;3,950909E-5;-6,750868E-5
1,626558E1;4,024630E-5;-6,983769E-5;4,072859E-5;-6,832856E-5;3,949490E-5;-6,892191E-5;4,223760E-5;-6,918807E-5;4,181344E-5;-7,049160E-5;3,948683E-5;-6,750950E-5
1,633224E1;4,023577E-5;-6,982424E-5;4,072189E-5;-6,831448E-5;3,948467E-5;-6,890712E-5;4,222826E-5;-6,917442E-5;4,180489E-5;-7,047663E-5;3,947887E-5;-6,749777E-5
1,639891E1;4,025700E-5;-6,982847E-5;4,074162E-5;-6,832198E-5;3,950530E-5;-6,891130E-5;4,224925E-5;-6,918456E-5;4,182603E-5;-7,048158E-5;3,950134E-5;-6,750575E-5
1,646557E1;4,019854E-5;-6,980716E-5;4,067888E-5;-6,830218E-5;3,944868E-5;-6,888944E-5;4,219298E-5;-6,916464E-5;4,176579E-5;-7,046095E-5;3,944203E-5;-6,748439E-5
1,653223E1;4,017903E-5;-6,980300E-5;4,066431E-5;-6,830433E-5;3,943091E-5;-6,888142E-5;4,218289E-5;-6,916712E-5;4,174880E-5;-7,045611E-5;3,942313E-5;-6,748353E-5
1,659889E1;4,021054E-5;-6,979154E-5;4,069356E-5;-6,829523E-5;3,946287E-5;-6,887035E-5;4,220896E-5;-6,916208E-5;4,177880E-5;-7,044699E-5;3,945394E-5;-6,747151E-5
1,666556E1;4,025683E-5;-6,985610E-5;4,073047E-5;-6,835791E-5;3,951157E-5;-6,893896E-5;4,224381E-5;-6,922483E-5;4,181751E-5;-7,051375E-5;3,950104E-5;-6,753658E-5
1,673222E1;4,021719E-5;-6,981987E-5;4,070922E-5;-6,832852E-5;3,946300E-5;-6,890561E-5;4,222663E-5;-6,919898E-5;4,178494E-5;-7,048434E-5;3,945950E-5;-6,749323E-5
1,679888E1;4,023861E-5;-6,985162E-5;4,072840E-5;-6,835699E-5;3,948800E-5;-6,893560E-5;4,224563E-5;-6,922331E-5;4,180649E-5;-7,051278E-5;3,948365E-5;-6,752815E-5
1,686554E1;4,021361E-5;-6,984187E-5;4,070165E-5;-6,834261E-5;3,946214E-5;-6,892397E-5;4,221715E-5;-6,920810E-5;4,178303E-5;-7,050075E-5;3,945707E-5;-6,751652E-5
1,693220E1;4,024376E-5;-6,987702E-5;4,072445E-5;-6,837658E-5;3,949702E-5;-6,895956E-5;4,223925E-5;-6,924246E-5;4,180970E-5;-7,053308E-5;3,948717E-5;-6,755217E-5
1,699887E1;4,019738E-5;-6,980211E-5;4,068081E-5;-6,828869E-5;3,944936E-5;-6,889058E-5;4,218775E-5;-6,915202E-5;4,176600E-5;-7,045380E-5;3,942906E-5;-6,747254E-5
1,706553E1;4,017339E-5;-6,981637E-5;4,066484E-5;-6,830562E-5;3,942327E-5;-6,890253E-5;4,217149E-5;-6,916665E-5;4,174565E-5;-7,047116E-5;3,939718E-5;-6,750869E-5
1,713219E1;4,013492E-5;-6,982331E-5;4,061889E-5;-6,830441E-5;3,937977E-5;-6,890323E-5;4,212914E-5;-6,916993E-5;4,170402E-5;-7,046666E-5;3,931437E-5;-6,748805E-5
1,719885E1;4,016960E-5;-6,981258E-5;4,066688E-5;-6,831124E-5;3,941509E-5;-6,889696E-5;4,218219E-5;-6,917548E-5;4,174288E-5;-7,046690E-5;3,936389E-5;-6,750380E-5
1,726552E1;4,029159E-5;-6,991643E-5;4,076911E-5;-6,839931E-5;3,954431E-5;-6,899892E-5;4,227791E-5;-6,925918E-5;4,185302E-5;-7,056499E-5;3,947288E-5;-6,758829E-5
1,733218E1;4,035468E-5;-6,985584E-5;4,083183E-5;-6,834962E-5;3,960056E-5;-6,893718E-5;4,233708E-5;-6,920681E-5;4,191213E-5;-7,051403E-5;3,954635E-5;-6,753948E-5
1,739884E1;4,031309E-5;-6,981082E-5;4,080474E-5;-6,830779E-5;3,955255E-5;-6,889578E-5;4,231034E-5;-6,917147E-5;4,187815E-5;-7,047134E-5;3,947175E-5;-6,747462E-5
1,746550E1;4,023462E-5;-6,980405E-5;4,073168E-5;-6,830264E-5;3,947789E-5;-6,888733E-5;4,225029E-5;-6,916182E-5;4,180518E-5;-7,046172E-5;3,942563E-5;-6,747554E-5
1,753216E1;4,016857E-5;-6,978396E-5;4,066480E-5;-6,829155E-5;3,941470E-5;-6,886209E-5;4,218112E-5;-6,915678E-5;4,173940E-5;-7,044747E-5;3,936003E-5;-6,746079E-5
1,759883E1;4,020813E-5;-6,979921E-5;4,068866E-5;-6,828117E-5;3,944969E-5;-6,887932E-5;4,219532E-5;-6,914460E-5;4,177182E-5;-7,044668E-5;3,936174E-5;-6,747838E-5
1,766549E1;4,021552E-5;-6,981663E-5;4,070242E-5;-6,829059E-5;3,945734E-5;-6,890012E-5;4,221088E-5;-6,914333E-5;4,178182E-5;-7,046360E-5;3,934507E-5;-6,749622E-5
1,773215E1;4,027625E-5;-6,989722E-5;4,074225E-5;-6,836994E-5;3,952549E-5;-6,897905E-5;4,224620E-5;-6,921645E-5;4,183331E-5;-7,054738E-5;3,940025E-5;-6,757283E-5
1,779881E1;4,034129E-5;-6,985540E-5;4,080085E-5;-6,832374E-5;3,958581E-5;-6,893022E-5;4,230064E-5;-6,918496E-5;4,189598E-5;-7,049885E-5;3,946711E-5;-6,752885E-5
1,786548E1;4,027309E-5;-6,980999E-5;4,071075E-5;-6,830427E-5;3,952021E-5;-6,889604E-5;4,221822E-5;-6,916175E-5;4,179587E-5;-7,046418E-5;3,938324E-5;-6,749085E-5
1,793214E1;4,025040E-5;-6,976413E-5;4,071210E-5;-6,826414E-5;3,949891E-5;-6,884926E-5;4,222422E-5;-6,912659E-5;4,179302E-5;-7,041471E-5;3,935565E-5;-6,745003E-5
1,799880E1;4,021708E-5;-6,979444E-5;4,067945E-5;-6,829328E-5;3,946790E-5;-6,887568E-5;4,218982E-5;-6,915607E-5;4,176625E-5;-7,044851E-5;3,931680E-5;-6,747179E-5
1,806546E1;4,025065E-5;-6,982225E-5;4,072163E-5;-6,831264E-5;3,950257E-5;-6,890413E-5;4,223360E-5;-6,917624E-5;4,180563E-5;-7,047223E-5;3,935064E-5;-6,749892E-5
1,813212E1;4,021329E-5;-6,983032E-5;4,069378E-5;-6,833482E-5;3,946303E-5;-6,891164E-5;4,221320E-5;-6,919775E-5;4,177233E-5;-7,048761E-5;3,930607E-5;-6,750524E-5
1,819879E1;4,024094E-5;-6,980894E-5;4,072495E-5;-6,831072E-5;3,949007E-5;-6,889104E-5;4,224145E-5;-6,917515E-5;4,180241E-5;-7,046569E-5;3,933131E-5;-6,748309E-5
1,826545E1;4,025260E-5;-6,983831E-5;4,073663E-5;-6,834263E-5;3,950186E-5;-6,891929E-5;4,225153E-5;-6,920573E-5;4,181393E-5;-7,049594E-5;3,934350E-5;-6,751526E-5
1,833211E1;4,022815E-5;-6,983373E-5;4,071477E-5;-6,833185E-5;3,947662E-5;-6,891637E-5;4,223301E-5;-6,918941E-5;4,179086E-5;-7,049236E-5;3,931803E-5;-6,750715E-5
1,839877E1;4,020497E-5;-6,981917E-5;4,069440E-5;-6,831938E-5;3,945162E-5;-6,890019E-5;4,221196E-5;-6,918696E-5;4,177036E-5;-7,047670E-5;3,929022E-5;-6,749278E-5
1,846544E1;4,026719E-5;-6,980710E-5;4,074489E-5;-6,829963E-5;3,951307E-5;-6,889058E-5;4,225818E-5;-6,916680E-5;4,182780E-5;-7,046193E-5;3,935058E-5;-6,748368E-5
1,853210E1;4,023579E-5;-6,983272E-5;4,072388E-5;-6,832385E-5;3,948175E-5;-6,891475E-5;4,224015E-5;-6,919167E-5;4,180111E-5;-7,048531E-5;3,931939E-5;-6,750857E-5
1,859876E1;4,026001E-5;-6,983447E-5;4,074646E-5;-6,832308E-5;3,950727E-5;-6,891444E-5;4,226360E-5;-6,919125E-5;4,182409E-5;-7,048296E-5;3,934760E-5;-6,751241E-5
1,866542E1;4,019297E-5;-6,982801E-5;4,068510E-5;-6,832298E-5;3,943799E-5;-6,890724E-5;4,220650E-5;-6,918804E-5;4,175919E-5;-7,048293E-5;3,927945E-5;-6,749956E-5
1,873208E1;4,020829E-5;-6,985048E-5;4,069927E-5;-6,835108E-5;3,945518E-5;-6,893262E-5;4,221655E-5;-6,922020E-5;4,177360E-5;-7,050818E-5;3,929535E-5;-6,752378E-5
1,879875E1;4,022497E-5;-6,983543E-5;4,071732E-5;-6,832688E-5;3,947367E-5;-6,891442E-5;4,223201E-5;-6,919529E-5;4,179332E-5;-7,048752E-5;3,931018E-5;-6,750643E-5
1,886541E1;4,025292E-5;-6,984592E-5;4,073431E-5;-6,833052E-5;3,950491E-5;-6,892624E-5;4,224451E-5;-6,919446E-5;4,181777E-5;-7,049579E-5;3,934150E-5;-6,751833E-5
1,893207E1;4,022589E-5;-6,983332E-5;4,071416E-5;-6,832505E-5;3,947518E-5;-6,891401E-5;4,222948E-5;-6,918144E-5;4,179355E-5;-7,048738E-5;3,931036E-5;-6,749999E-5
1,899873E1;4,024067E-5;-6,981855E-5;4,072719E-5;-6,831325E-5;3,948810E-5;-6,890098E-5;4,224046E-5;-6,916706E-5;4,180614E-5;-7,047198E-5;3,932404E-5;-6,748564E-5
1,906540E1;4,020535E-5;-6,983635E-5;4,069699E-5;-6,833314E-5;3,945303E-5;-6,891595E-5;4,221428E-5;-6,919407E-5;4,177425E-5;-7,049007E-5;3,929003E-5;-6,750366E-5
1,913206E1;4,022383E-5;-6,983052E-5;4,071002E-5;-6,831870E-5;3,947066E-5;-6,891443E-5;4,222275E-5;-6,918189E-5;4,178804E-5;-7,048190E-5;3,930729E-5;-6,750191E-5
1,919872E1;4,021303E-5;-6,982895E-5;4,070007E-5;-6,832265E-5;3,945853E-5;-6,890600E-5;4,221392E-5;-6,916691E-5;4,177767E-5;-7,048180E-5;3,929367E-5;-6,748082E-5
1,926538E1;4,024685E-5;-6,984099E-5;4,073272E-5;-6,831820E-5;3,949487E-5;-6,891375E-5;4,224148E-5;-6,916412E-5;4,181063E-5;-7,048773E-5;3,932846E-5;-6,749031E-5
1,933204E1;4,024898E-5;-6,985169E-5;4,073102E-5;-6,833044E-5;3,949856E-5;-6,892127E-5;4,223959E-5;-6,917385E-5;4,181257E-5;-7,049920E-5;3,933192E-5;-6,749755E-5
1,939871E1;4,024005E-5;-6,981869E-5;4,072072E-5;-6,829386E-5;3,948432E-5;-6,888894E-5;4,222585E-5;-6,913881E-5;4,180341E-5;-7,046520E-5;3,931540E-5;-6,746811E-5
1,946537E1;4,024440E-5;-6,981839E-5;4,072913E-5;-6,828885E-5;3,948549E-5;-6,888130E-5;4,223182E-5;-6,913965E-5;4,181081E-5;-7,045785E-5;3,931618E-5;-6,746182E-5
1,953203E1;4,026299E-5;-6,982854E-5;4,073624E-5;-6,829399E-5;3,950083E-5;-6,889268E-5;4,223686E-5;-6,914768E-5;4,182293E-5;-7,046603E-5;3,933136E-5;-6,747638E-5
1,959869E1;4,022726E-5;-6,982385E-5;4,071023E-5;-6,829267E-5;3,946317E-5;-6,888493E-5;4,221313E-5;-6,914560E-5;4,179142E-5;-7,046096E-5;3,929470E-5;-6,746684E-5
1,966536E1;4,018966E-5;-6,979097E-5;4,067925E-5;-6,826977E-5;3,942474E-5;-6,885751E-5;4,218945E-5;-6,912907E-5;4,175360E-5;-7,043638E-5;3,925748E-5;-6,744111E-5
1,973202E1;4,034755E-5;-6,979749E-5;4,081768E-5;-6,830552E-5;3,958455E-5;-6,886929E-5;4,232302E-5;-6,916237E-5;4,190784E-5;-7,044969E-5;3,942100E-5;-6,745501E-5
1,979868E1;4,028523E-5;-6,981849E-5;4,072364E-5;-6,829284E-5;3,952581E-5;-6,888993E-5;4,223683E-5;-6,916017E-5;4,184529E-5;-7,046525E-5;3,936150E-5;-6,748006E-5
1,986534E1;4,028715E-5;-6,980605E-5;4,073375E-5;-6,828487E-5;3,953106E-5;-6,888188E-5;4,224872E-5;-6,914628E-5;4,184882E-5;-7,045546E-5;3,937044E-5;-6,747028E-5
1,993200E1;4,020481E-5;-6,980040E-5;4,067205E-5;-6,829820E-5;3,944828E-5;-6,887900E-5;4,218868E-5;-6,916520E-5;4,177056E-5;-7,045909E-5;3,928396E-5;-6,746611E-5
1,999867E1;4,022914E-5;-6,981152E-5;4,069940E-5;-6,830653E-5;3,947219E-5;-6,889323E-5;4,221337E-5;-6,917146E-5;4,179329E-5;-7,046764E-5;3,930961E-5;-6,748263E-5
2,006533E1;4,027194E-5;-6,981746E-5;4,073855E-5;-6,830616E-5;3,951273E-5;-6,889288E-5;4,225262E-5;-6,917272E-5;4,183369E-5;-7,046774E-5;3,935627E-5;-6,748324E-5
2,013199E1;4,018379E-5;-6,980511E-5;4,066400E-5;-6,829854E-5;3,942778E-5;-6,888419E-5;4,217663E-5;-6,916559E-5;4,174943E-5;-7,045544E-5;3,926589E-5;-6,747334E-5
2,019865E1;4,030728E-5;-6,983514E-5;4,077721E-5;-6,831797E-5;3,954842E-5;-6,891730E-5;4,228758E-5;-6,918480E-5;4,186663E-5;-7,048449E-5;3,938711E-5;-6,751061E-5
2,026532E1;4,031986E-5;-6,989393E-5;4,078115E-5;-6,837660E-5;3,956497E-5;-6,897954E-5;4,228674E-5;-6,924190E-5;4,187609E-5;-7,054355E-5;3,940622E-5;-6,758043E-5
2,033198E1;4,024653E-5;-6,983295E-5;4,072158E-5;-6,831890E-5;3,948966E-5;-6,891261E-5;4,222770E-5;-6,918564E-5;4,180991E-5;-7,048224E-5;3,932776E-5;-6,751052E-5
2,039864E1;4,027238E-5;-6,984197E-5;4,074230E-5;-6,833150E-5;3,951383E-5;-6,891844E-5;4,225146E-5;-6,919425E-5;4,183185E-5;-7,049327E-5;3,935276E-5;-6,751145E-5
2,046530E1;4,024844E-5;-6,981300E-5;4,072607E-5;-6,830642E-5;3,949196E-5;-6,889031E-5;4,223776E-5;-6,917138E-5;4,181038E-5;-7,046366E-5;3,933088E-5;-6,748489E-5
2,053196E1;4,031475E-5;-6,984107E-5;4,078700E-5;-6,832676E-5;3,956126E-5;-6,891680E-5;4,229271E-5;-6,919006E-5;4,187573E-5;-7,049097E-5;3,939730E-5;-6,750958E-5
2,059863E1;4,020862E-5;-6,982552E-5;4,069621E-5;-6,831398E-5;3,945367E-5;-6,890567E-5;4,221010E-5;-6,918300E-5;4,177551E-5;-7,047535E-5;3,929115E-5;-6,749758E-5
2,066529E1;4,022463E-5;-6,983251E-5;4,070874E-5;-6,833144E-5;3,947188E-5;-6,891890E-5;4,221866E-5;-6,920043E-5;4,179199E-5;-7,048890E-5;3,931120E-5;-6,751727E-5
2,073195E1;4,022690E-5;-6,982255E-5;4,070863E-5;-6,833048E-5;3,947489E-5;-6,890938E-5;4,222114E-5;-6,920722E-5;4,179390E-5;-7,048450E-5;3,931355E-5;-6,751238E-5
2,079861E1;4,026252E-5;-6,983087E-5;4,073815E-5;-6,832899E-5;3,951246E-5;-6,891524E-5;4,224003E-5;-6,919619E-5;4,182536E-5;-7,048916E-5;3,935148E-5;-6,751120E-5
2,086528E1;4,018035E-5;-6,980515E-5;4,066506E-5;-6,830974E-5;3,942611E-5;-6,888743E-5;4,217358E-5;-6,917572E-5;4,174832E-5;-7,046641E-5;3,926599E-5;-6,748336E-5
2,093194E1;4,018434E-5;-6,979923E-5;4,067358E-5;-6,830037E-5;3,943025E-5;-6,888283E-5;4,218289E-5;-6,916866E-5;4,175492E-5;-7,045916E-5;3,926857E-5;-6,747606E-5
2,099860E1;4,024525E-5;-6,982268E-5;4,073101E-5;-6,832621E-5;3,949816E-5;-6,891056E-5;4,224165E-5;-6,920079E-5;4,181368E-5;-7,048469E-5;3,933578E-5;-6,750787E-5
2,106526E1;4,022922E-5;-6,984330E-5;4,071532E-5;-6,834512E-5;3,948235E-5;-6,892640E-5;4,223034E-5;-6,922021E-5;4,179576E-5;-7,050338E-5;3,931981E-5;-6,752449E-5
2,113192E1;4,028291E-5;-6,992499E-5;4,077617E-5;-6,840029E-5;3,952367E-5;-6,900654E-5;4,227686E-5;-6,926785E-5;4,184268E-5;-7,057006E-5;3,935090E-5;-6,759873E-5
2,119859E1;4,023702E-5;-6,986858E-5;4,070358E-5;-6,832871E-5;3,949577E-5;-6,895509E-5;4,220829E-5;-6,920129E-5;4,179744E-5;-7,053202E-5;3,932971E-5;-6,755374E-5
2,126525E1;4,019207E-5;-6,984541E-5;4,067444E-5;-6,831116E-5;3,944305E-5;-6,892584E-5;4,218421E-5;-6,918281E-5;4,175886E-5;-7,049628E-5;3,927576E-5;-6,752178E-5
2,133191E1;4,017874E-5;-6,985798E-5;4,066533E-5;-6,833068E-5;3,942658E-5;-6,893463E-5;4,217843E-5;-6,920431E-5;4,174765E-5;-7,050957E-5;3,926228E-5;-6,753032E-5
2,139857E1;4,019763E-5;-6,982933E-5;4,069121E-5;-6,830292E-5;3,944542E-5;-6,890807E-5;4,220548E-5;-6,917356E-5;4,177087E-5;-7,048091E-5;3,927778E-5;-6,750328E-5
2,146524E1;4,022667E-5;-6,981965E-5;4,071174E-5;-6,829319E-5;3,947239E-5;-6,889662E-5;4,222311E-5;-6,915864E-5;4,179508E-5;-7,047037E-5;3,930405E-5;-6,748722E-5
2,153190E1;4,015760E-5;-6,979527E-5;4,064696E-5;-6,830694E-5;3,939869E-5;-6,890811E-5;4,216431E-5;-6,915342E-5;4,172999E-5;-7,045042E-5;3,923056E-5;-6,750387E-5
2,159856E1;4,024477E-5;-6,984514E-5;4,069007E-5;-6,831760E-5;3,944968E-5;-6,891277E-5;4,224506E-5;-6,919053E-5;4,181082E-5;-7,049424E-5;3,928704E-5;-6,750768E-5
2,166522E1;4,020237E-5;-6,983996E-5;4,066170E-5;-6,832569E-5;3,941668E-5;-6,891320E-5;4,221457E-5;-6,919803E-5;4,177337E-5;-7,049703E-5;3,925677E-5;-6,750738E-5
2,173188E1;4,027960E-5;-6,986266E-5;4,074176E-5;-6,833674E-5;3,950753E-5;-6,893905E-5;4,228311E-5;-6,920647E-5;4,184652E-5;-7,051265E-5;3,934833E-5;-6,753308E-5
2,179855E1;4,020148E-5;-6,981424E-5;4,068323E-5;-6,830810E-5;3,943664E-5;-6,889192E-5;4,221901E-5;-6,918168E-5;4,177448E-5;-7,047263E-5;3,927298E-5;-6,748886E-5
2,186521E1;4,021861E-5;-6,984874E-5;4,070201E-5;-6,833658E-5;3,945495E-5;-6,892544E-5;4,223201E-5;-6,920848E-5;4,178949E-5;-7,050335E-5;3,929487E-5;-6,752197E-5
2,193187E1;4,027640E-5;-6,987710E-5;4,076254E-5;-6,837160E-5;3,951379E-5;-6,896153E-5;4,229175E-5;-6,925183E-5;4,184311E-5;-7,053460E-5;3,935708E-5;-6,756491E-5
2,199853E1;4,021738E-5;-6,986338E-5;4,071419E-5;-6,835074E-5;3,945595E-5;-6,894518E-5;4,223691E-5;-6,922136E-5;4,178989E-5;-7,051564E-5;3,929832E-5;-6,754308E-5
2,206520E1;4,025571E-5;-6,986024E-5;4,075192E-5;-6,833839E-5;3,949905E-5;-6,893994E-5;4,226496E-5;-6,920632E-5;4,182840E-5;-7,050768E-5;3,933581E-5;-6,753118E-5
2,213186E1;4,025825E-5;-6,986164E-5;4,075309E-5;-6,833518E-5;3,950333E-5;-6,893687E-5;4,226940E-5;-6,920282E-5;4,183107E-5;-7,050671E-5;3,933910E-5;-6,752884E-5
2,219852E1;4,025471E-5;-6,987206E-5;4,074501E-5;-6,835703E-5;3,950187E-5;-6,894998E-5;4,226316E-5;-6,922650E-5;4,182395E-5;-7,052381E-5;3,934056E-5;-6,754234E-5
2,226518E1;4,027184E-5;-6,982734E-5;4,076125E-5;-6,830238E-5;3,951578E-5;-6,890001E-5;4,227788E-5;-6,917022E-5;4,183924E-5;-7,047360E-5;3,935246E-5;-6,749285E-5
2,233184E1;4,025480E-5;-6,982677E-5;4,074126E-5;-6,831171E-5;3,950113E-5;-6,890460E-5;4,225341E-5;-6,918229E-5;4,182088E-5;-7,047884E-5;3,933956E-5;-6,750157E-5
2,239851E1;4,027846E-5;-6,986938E-5;4,075206E-5;-6,835234E-5;3,952624E-5;-6,894440E-5;4,226324E-5;-6,921681E-5;4,183801E-5;-7,051797E-5;3,936561E-5;-6,753816E-5
2,246517E1;4,025719E-5;-6,983035E-5;4,074099E-5;-6,831685E-5;3,950447E-5;-6,890956E-5;4,224977E-5;-6,918587E-5;4,182384E-5;-7,048384E-5;3,934086E-5;-6,750541E-5
2,253183E1;4,024619E-5;-6,985407E-5;4,073788E-5;-6,833156E-5;3,949437E-5;-6,892574E-5;4,225137E-5;-6,919446E-5;4,181623E-5;-7,050146E-5;3,933239E-5;-6,751698E-5
2,259849E1;4,021829E-5;-6,981981E-5;4,071054E-5;-6,829654E-5;3,946305E-5;-6,889133E-5;4,221955E-5;-6,916191E-5;4,178896E-5;-7,046533E-5;3,929981E-5;-6,748400E-5
2,266516E1;4,023458E-5;-6,982228E-5;4,072422E-5;-6,830725E-5;3,948158E-5;-6,890228E-5;4,223936E-5;-6,918188E-5;4,180356E-5;-7,047337E-5;3,931896E-5;-6,750173E-5
2,273182E1;4,035804E-5;-6,986422E-5;4,084005E-5;-6,834453E-5;3,960010E-5;-6,893658E-5;4,233689E-5;-6,921275E-5;4,191901E-5;-7,051403E-5;3,944102E-5;-6,752783E-5
2,279848E1;4,029353E-5;-6,979767E-5;4,078543E-5;-6,827840E-5;3,953831E-5;-6,887467E-5;4,229735E-5;-6,914705E-5;4,186335E-5;-7,044392E-5;3,937824E-5;-6,747168E-5
2,286514E1;4,023379E-5;-6,986019E-5;4,072339E-5;-6,834195E-5;3,947981E-5;-6,893715E-5;4,224035E-5;-6,921000E-5;4,180221E-5;-7,050946E-5;3,932029E-5;-6,753256E-5
2,293180E1;4,023339E-5;-6,983331E-5;4,072774E-5;-6,831749E-5;3,948026E-5;-6,890777E-5;4,224823E-5;-6,918305E-5;4,180304E-5;-7,048422E-5;3,931884E-5;-6,750151E-5
2,299847E1;4,026050E-5;-6,981847E-5;4,075316E-5;-6,830322E-5;3,950525E-5;-6,889402E-5;4,227009E-5;-6,916943E-5;4,182994E-5;-7,046929E-5;3,934502E-5;-6,748862E-5
2,306513E1;4,026891E-5;-6,982363E-5;4,075154E-5;-6,831254E-5;3,951473E-5;-6,889577E-5;4,226193E-5;-6,917852E-5;4,183522E-5;-7,047430E-5;3,935110E-5;-6,748995E-5
2,313179E1;4,024597E-5;-6,982615E-5;4,073408E-5;-6,831263E-5;3,949501E-5;-6,890132E-5;4,224654E-5;-6,917601E-5;4,181261E-5;-7,047522E-5;3,933241E-5;-6,749373E-5
2,319845E1;4,022932E-5;-6,981506E-5;4,071346E-5;-6,830721E-5;3,947147E-5;-6,889097E-5;4,223027E-5;-6,917022E-5;4,179343E-5;-7,047031E-5;3,930686E-5;-6,747950E-5
2,326512E1;4,019004E-5;-6,977461E-5;4,068038E-5;-6,827519E-5;3,942880E-5;-6,885022E-5;4,219500E-5;-6,913469E-5;4,175689E-5;-7,043549E-5;3,926646E-5;-6,743149E-5
2,333178E1;4,023992E-5;-6,984996E-5;4,072430E-5;-6,833249E-5;3,948558E-5;-6,892692E-5;4,223603E-5;-6,919724E-5;4,180631E-5;-7,050010E-5;3,932315E-5;-6,751818E-5
2,339844E1;4,021698E-5;-6,981299E-5;4,070818E-5;-6,829666E-5;3,946060E-5;-6,889088E-5;4,222106E-5;-6,916340E-5;4,178390E-5;-7,046131E-5;3,929698E-5;-6,748323E-5
2,346510E1;4,028462E-5;-6,984072E-5;4,077086E-5;-6,832658E-5;3,952888E-5;-6,892167E-5;4,228110E-5;-6,918718E-5;4,184893E-5;-7,049124E-5;3,937032E-5;-6,751626E-5
2,353176E1;4,022797E-5;-6,985420E-5;4,071319E-5;-6,834166E-5;3,947358E-5;-6,893248E-5;4,222514E-5;-6,920769E-5;4,179257E-5;-7,050412E-5;3,931302E-5;-6,752720E-5
2,359843E1;4,021442E-5;-6,985228E-5;4,070578E-5;-6,835053E-5;3,946285E-5;-6,892931E-5;4,222585E-5;-6,921802E-5;4,178239E-5;-7,050755E-5;3,930300E-5;-6,752375E-5
2,366509E1;4,021640E-5;-6,982870E-5;4,071241E-5;-6,832886E-5;3,946285E-5;-6,890524E-5;4,223762E-5;-6,919065E-5;4,178329E-5;-7,048575E-5;3,930389E-5;-6,749696E-5
2,373175E1;4,023058E-5;-6,981636E-5;4,071759E-5;-6,830410E-5;3,947645E-5;-6,889214E-5;4,222870E-5;-6,917125E-5;4,179736E-5;-7,046683E-5;3,931471E-5;-6,748742E-5
2,379841E1;4,021519E-5;-6,981832E-5;4,070124E-5;-6,830770E-5;3,945799E-5;-6,889697E-5;4,221592E-5;-6,917026E-5;4,177871E-5;-7,047134E-5;3,929416E-5;-6,748828E-5
2,386508E1;4,028239E-5;-6,978085E-5;4,076766E-5;-6,828228E-5;3,952511E-5;-6,886106E-5;4,228036E-5;-6,914358E-5;4,184766E-5;-7,043810E-5;3,936173E-5;-6,745699E-5
2,393174E1;4,021752E-5;-6,976122E-5;4,070398E-5;-6,826220E-5;3,946058E-5;-6,884363E-5;4,222052E-5;-6,912690E-5;4,178297E-5;-7,042017E-5;3,929600E-5;-6,743483E-5
2,399840E1;4,016969E-5;-6,975232E-5;4,065819E-5;-6,825020E-5;3,944090E-5;-6,882641E-5;4,217422E-5;-6,911039E-5;4,173222E-5;-7,040642E-5;3,928046E-5;-6,740966E-5
2,406506E1;4,016761E-5;-6,977265E-5;4,066736E-5;-6,827490E-5;3,943419E-5;-6,879705E-5;4,218776E-5;-6,914133E-5;4,173641E-5;-7,043045E-5;3,927120E-5;-6,739068E-5
2,413172E1;4,014412E-5;-6,980919E-5;4,062567E-5;-6,829660E-5;3,939689E-5;-6,880339E-5;4,213906E-5;-6,915957E-5;4,170313E-5;-7,045860E-5;3,924293E-5;-6,737052E-5
2,419839E1;4,015384E-5;-6,980790E-5;4,063722E-5;-6,829308E-5;3,940770E-5;-6,874677E-5;4,215170E-5;-6,914965E-5;4,171385E-5;-7,045568E-5;3,929652E-5;-6,734194E-5
2,426505E1;4,019855E-5;-6,982100E-5;4,067959E-5;-6,831339E-5;3,949372E-5;-6,878501E-5;4,218948E-5;-6,918511E-5;4,176386E-5;-7,047327E-5;3,935907E-5;-6,738610E-5
2,433171E1;4,010812E-5;-6,981905E-5;4,060578E-5;-6,831311E-5;3,940071E-5;-6,877327E-5;4,213523E-5;-6,918292E-5;4,167592E-5;-7,047432E-5;3,926217E-5;-6,732876E-5
2,439837E1;4,006398E-5;-6,980177E-5;4,055734E-5;-6,829908E-5;3,933444E-5;-6,874493E-5;4,207832E-5;-6,917153E-5;4,163110E-5;-7,045833E-5;3,924529E-5;-6,731253E-5
2,446504E1;4,014765E-5;-6,982902E-5;4,062596E-5;-6,832710E-5;3,941272E-5;-6,873695E-5;4,213444E-5;-6,919463E-5;4,171109E-5;-7,048364E-5;3,934239E-5;-6,734647E-5
2,453170E1;4,008593E-5;-6,981892E-5;4,056581E-5;-6,831904E-5;3,938986E-5;-6,875857E-5;4,206942E-5;-6,919090E-5;4,165177E-5;-7,047470E-5;3,929855E-5;-6,733329E-5
2,459836E1;4,013238E-5;-6,984504E-5;4,060999E-5;-6,833439E-5;3,942572E-5;-6,875221E-5;4,211549E-5;-6,920292E-5;4,169780E-5;-7,049314E-5;3,934930E-5;-6,735613E-5
2,466502E1;4,007806E-5;-6,986757E-5;4,056797E-5;-6,834823E-5;3,939978E-5;-6,879845E-5;4,208087E-5;-6,922218E-5;4,164715E-5;-7,051202E-5;3,930896E-5;-6,737614E-5
2,473168E1;4,010694E-5;-6,985591E-5;4,058858E-5;-6,834027E-5;3,940442E-5;-6,877716E-5;4,209880E-5;-6,920545E-5;4,167048E-5;-7,050118E-5;3,933888E-5;-6,736792E-5
2,479835E1;4,015860E-5;-6,987417E-5;4,062704E-5;-6,836344E-5;3,943769E-5;-6,880466E-5;4,212650E-5;-6,922013E-5;4,171480E-5;-7,053033E-5;3,939266E-5;-6,740678E-5
2,486501E1;4,012873E-5;-6,983133E-5;4,056897E-5;-6,831411E-5;3,940247E-5;-6,874783E-5;4,208034E-5;-6,917423E-5;4,164831E-5;-7,047472E-5;3,932653E-5;-6,734455E-5
2,493167E1;4,027224E-5;-6,988938E-5;4,069968E-5;-6,836322E-5;3,952825E-5;-6,880855E-5;4,219367E-5;-6,921375E-5;4,179485E-5;-7,053433E-5;3,946928E-5;-6,739525E-5
2,499833E1;4,006629E-5;-6,982028E-5;4,053603E-5;-6,830883E-5;3,932571E-5;-6,873700E-5;4,205416E-5;-6,917367E-5;4,161413E-5;-7,046735E-5;3,928871E-5;-6,733233E-5
2,506500E1;4,009499E-5;-6,981400E-5;4,057023E-5;-6,829908E-5;3,934984E-5;-6,873001E-5;4,208601E-5;-6,916652E-5;4,164935E-5;-7,045860E-5;3,932335E-5;-6,732401E-5
2,513166E1;4,009602E-5;-6,985980E-5;4,057556E-5;-6,833782E-5;3,934805E-5;-6,877325E-5;4,209406E-5;-6,919061E-5;4,165402E-5;-7,050065E-5;3,932779E-5;-6,735986E-5
2,519832E1;4,009712E-5;-6,982585E-5;4,057456E-5;-6,830562E-5;3,934614E-5;-6,873682E-5;4,208818E-5;-6,916445E-5;4,165706E-5;-7,046707E-5;3,933109E-5;-6,732431E-5
2,526498E1;4,007158E-5;-6,982860E-5;4,055750E-5;-6,830934E-5;3,931941E-5;-6,873835E-5;4,207673E-5;-6,917014E-5;4,163594E-5;-7,046978E-5;3,931088E-5;-6,733161E-5
2,533164E1;4,004474E-5;-6,982190E-5;4,054081E-5;-6,831682E-5;3,929435E-5;-6,873771E-5;4,206315E-5;-6,918397E-5;4,161219E-5;-7,047267E-5;3,928840E-5;-6,733281E-5
2,539831E1;4,011978E-5;-6,984999E-5;4,060650E-5;-6,833164E-5;3,936770E-5;-6,876057E-5;4,212314E-5;-6,919745E-5;4,168506E-5;-7,049409E-5;3,936399E-5;-6,736075E-5
2,546497E1;4,009136E-5;-6,987432E-5;4,057785E-5;-6,835336E-5;3,933955E-5;-6,878342E-5;4,209463E-5;-6,922184E-5;4,165844E-5;-7,051578E-5;3,933498E-5;-6,738092E-5
2,553163E1;4,010818E-5;-6,986171E-5;4,058494E-5;-6,834847E-5;3,935524E-5;-6,877617E-5;4,209511E-5;-6,921521E-5;4,167359E-5;-7,050646E-5;3,935130E-5;-6,737243E-5
2,559829E1;4,009123E-5;-6,985991E-5;4,057273E-5;-6,834484E-5;3,933668E-5;-6,877460E-5;4,208575E-5;-6,920641E-5;4,165729E-5;-7,050447E-5;3,933552E-5;-6,737110E-5
2,566496E1;4,004803E-5;-6,982339E-5;4,053579E-5;-6,831347E-5;3,929639E-5;-6,874065E-5;4,205094E-5;-6,917549E-5;4,161483E-5;-7,047053E-5;3,929506E-5;-6,733064E-5
2,573162E1;4,006637E-5;-6,982020E-5;4,054833E-5;-6,830786E-5;3,931414E-5;-6,873484E-5;4,206404E-5;-6,916315E-5;4,163475E-5;-7,046415E-5;3,931018E-5;-6,732127E-5
2,579828E1;4,008001E-5;-6,984383E-5;4,056518E-5;-6,832370E-5;3,932730E-5;-6,875194E-5;4,208396E-5;-6,917110E-5;4,164788E-5;-7,047968E-5;3,932418E-5;-6,733838E-5
2,586494E1;4,011125E-5;-6,986361E-5;4,059317E-5;-6,833446E-5;3,935535E-5;-6,877608E-5;4,210691E-5;-6,917585E-5;4,168046E-5;-7,049980E-5;3,935015E-5;-6,735911E-5
2,593160E1;4,010595E-5;-6,984932E-5;4,058167E-5;-6,832172E-5;3,935219E-5;-6,875546E-5;4,208997E-5;-6,915802E-5;4,167357E-5;-7,047967E-5;3,934985E-5;-6,733547E-5
2,599827E1;4,011062E-5;-6,980877E-5;4,058720E-5;-6,828977E-5;3,936027E-5;-6,872014E-5;4,209970E-5;-6,913697E-5;4,168124E-5;-7,044419E-5;3,935380E-5;-6,730205E-5
2,606493E1;4,007501E-5;-6,982564E-5;4,055295E-5;-6,831608E-5;3,932382E-5;-6,874453E-5;4,206797E-5;-6,917305E-5;4,164265E-5;-7,047019E-5;3,931761E-5;-6,732873E-5
2,613159E1;4,012279E-5;-6,982048E-5;4,059956E-5;-6,830171E-5;3,937067E-5;-6,873631E-5;4,211328E-5;-6,916240E-5;4,168854E-5;-7,045957E-5;3,935957E-5;-6,732089E-5
2,619825E1;4,006502E-5;-6,982288E-5;4,054767E-5;-6,831829E-5;3,931109E-5;-6,874453E-5;4,206222E-5;-6,918741E-5;4,163411E-5;-7,047216E-5;3,930615E-5;-6,733311E-5
2,626492E1;4,010901E-5;-6,984710E-5;4,058879E-5;-6,833866E-5;3,935594E-5;-6,876427E-5;4,209367E-5;-6,920240E-5;4,167617E-5;-7,049498E-5;3,935139E-5;-6,735450E-5
2,633158E1;4,006669E-5;-6,982900E-5;4,054964E-5;-6,832319E-5;3,931012E-5;-6,875330E-5;4,205463E-5;-6,920442E-5;4,163663E-5;-7,048069E-5;3,930863E-5;-6,734573E-5
2,639824E1;4,011628E-5;-6,985616E-5;4,059812E-5;-6,834221E-5;3,935603E-5;-6,877563E-5;4,210436E-5;-6,921825E-5;4,168030E-5;-7,050354E-5;3,935419E-5;-6,737675E-5
2,646490E1;4,011144E-5;-6,987159E-5;4,060243E-5;-6,835095E-5;3,935625E-5;-6,878906E-5;4,210969E-5;-6,920321E-5;4,168313E-5;-7,051587E-5;3,935661E-5;-6,737345E-5
2,653156E1;4,005595E-5;-6,984660E-5;4,055358E-5;-6,833724E-5;3,929963E-5;-6,876251E-5;4,207044E-5;-6,919128E-5;4,162897E-5;-7,049567E-5;3,930253E-5;-6,734921E-5
2,659823E1;4,008345E-5;-6,984408E-5;4,056908E-5;-6,833895E-5;3,932661E-5;-6,876752E-5;4,208259E-5;-6,920660E-5;4,165265E-5;-7,049933E-5;3,932651E-5;-6,735514E-5
2,666489E1;4,008582E-5;-6,983933E-5;4,057128E-5;-6,832466E-5;3,932984E-5;-6,875577E-5;4,208231E-5;-6,918510E-5;4,165559E-5;-7,048707E-5;3,933070E-5;-6,734631E-5
