#multi:
;masa A;;masa B;;masa C;;masa D;;masa E;;
t;x;y;x;y;x;y;x;y;x;y;
0,000000E0;3,962380E-5;-7,127294E-5;3,943139E-5;-6,992609E-5;3,668960E-5;-6,838683E-5;4,024912E-5;-6,829063E-5;3,774783E-5;-7,093623E-5
6,666222E-2;3,954045E-5;-7,153392E-5;3,930611E-5;-7,020604E-5;3,661495E-5;-6,865336E-5;4,019538E-5;-6,854392E-5;3,764924E-5;-7,121881E-5
1,333244E-1;3,975398E-5;-7,183543E-5;3,945750E-5;-7,049354E-5;3,682895E-5;-6,894554E-5;4,036749E-5;-6,879262E-5;3,780947E-5;-7,149734E-5
1,999867E-1;3,982024E-5;-7,203894E-5;3,952296E-5;-7,068838E-5;3,689048E-5;-6,914297E-5;4,044179E-5;-6,902372E-5;3,783814E-5;-7,169273E-5
2,666489E-1;3,998231E-5;-7,203235E-5;3,971480E-5;-7,067674E-5;3,703989E-5;-6,914091E-5;4,059580E-5;-6,902691E-5;3,804446E-5;-7,167963E-5
3,333111E-1;4,002916E-5;-7,183331E-5;3,978314E-5;-7,047557E-5;3,709938E-5;-6,894265E-5;4,065333E-5;-6,883220E-5;3,811666E-5;-7,147888E-5
3,999733E-1;4,001527E-5;-7,194465E-5;3,978309E-5;-7,059210E-5;3,708103E-5;-6,905734E-5;4,063882E-5;-6,894957E-5;3,811458E-5;-7,159674E-5
4,666356E-1;3,994884E-5;-7,173800E-5;3,970879E-5;-7,039316E-5;3,702750E-5;-6,885323E-5;4,057627E-5;-6,875046E-5;3,804504E-5;-7,139588E-5
5,332978E-1;3,968952E-5;-7,160822E-5;3,942439E-5;-7,025886E-5;3,677008E-5;-6,872211E-5;4,031489E-5;-6,861439E-5;3,778248E-5;-7,127135E-5
5,999600E-1;3,932037E-5;-7,164101E-5;3,908974E-5;-7,029351E-5;3,639050E-5;-6,875254E-5;3,994448E-5;-6,865306E-5;3,741978E-5;-7,129673E-5
6,666222E-1;3,911671E-5;-7,130547E-5;3,890212E-5;-6,994718E-5;3,618611E-5;-6,842116E-5;3,973845E-5;-6,831526E-5;3,721282E-5;-7,095715E-5
7,332844E-1;3,897992E-5;-7,117969E-5;3,878346E-5;-6,982937E-5;3,602836E-5;-6,830276E-5;3,960705E-5;-6,819376E-5;3,709357E-5;-7,083267E-5
7,999467E-1;3,892151E-5;-7,128994E-5;3,873815E-5;-6,994667E-5;3,597476E-5;-6,844369E-5;3,954830E-5;-6,830694E-5;3,702600E-5;-7,093725E-5
8,666089E-1;3,906361E-5;-7,114199E-5;3,887966E-5;-6,979744E-5;3,612517E-5;-6,828549E-5;3,968649E-5;-6,815958E-5;3,718147E-5;-7,078686E-5
9,332711E-1;3,931069E-5;-7,116098E-5;3,912913E-5;-6,981117E-5;3,635199E-5;-6,829836E-5;3,994072E-5;-6,817644E-5;3,742514E-5;-7,080950E-5
9,999333E-1;3,941150E-5;-7,114319E-5;3,922548E-5;-6,978925E-5;3,646105E-5;-6,827081E-5;4,003946E-5;-6,815521E-5;3,752878E-5;-7,079097E-5
1,066596E0;3,943367E-5;-7,104068E-5;3,924440E-5;-6,968951E-5;3,648853E-5;-6,816656E-5;4,005898E-5;-6,805658E-5;3,753894E-5;-7,069571E-5
1,133258E0;3,947009E-5;-7,114361E-5;3,927677E-5;-6,978953E-5;3,652703E-5;-6,826252E-5;4,009618E-5;-6,815579E-5;3,758382E-5;-7,079460E-5
1,199920E0;3,962022E-5;-7,107458E-5;3,940986E-5;-6,971712E-5;3,667197E-5;-6,819534E-5;4,024479E-5;-6,808371E-5;3,771664E-5;-7,071898E-5
1,266582E0;3,970223E-5;-7,107067E-5;3,950399E-5;-6,971390E-5;3,675903E-5;-6,818671E-5;4,033235E-5;-6,807423E-5;3,780729E-5;-7,071650E-5
1,333244E0;3,965040E-5;-7,091318E-5;3,943455E-5;-6,955881E-5;3,671068E-5;-6,802831E-5;4,027769E-5;-6,792142E-5;3,775236E-5;-7,055640E-5
1,399907E0;3,970387E-5;-7,095290E-5;3,949333E-5;-6,959530E-5;3,676711E-5;-6,806888E-5;4,032995E-5;-6,795692E-5;3,782119E-5;-7,059786E-5
1,466569E0;3,975080E-5;-7,094848E-5;3,952059E-5;-6,959937E-5;3,682598E-5;-6,806206E-5;4,037411E-5;-6,796121E-5;3,785472E-5;-7,059867E-5
1,533231E0;3,985337E-5;-7,109352E-5;3,963109E-5;-6,973682E-5;3,692541E-5;-6,821113E-5;4,048001E-5;-6,809545E-5;3,797912E-5;-7,074172E-5
1,599893E0;3,981605E-5;-7,106348E-5;3,960011E-5;-6,971531E-5;3,688530E-5;-6,817934E-5;4,044437E-5;-6,807553E-5;3,794176E-5;-7,071752E-5
1,666556E0;3,971945E-5;-7,127049E-5;3,950258E-5;-6,992195E-5;3,678253E-5;-6,838154E-5;4,033454E-5;-6,829049E-5;3,784075E-5;-7,093019E-5
1,733218E0;3,981747E-5;-7,142512E-5;3,955673E-5;-7,006704E-5;3,688183E-5;-6,853840E-5;4,038967E-5;-6,843158E-5;3,793656E-5;-7,108761E-5
1,799880E0;3,990760E-5;-7,147664E-5;3,965758E-5;-7,013091E-5;3,697227E-5;-6,858833E-5;4,049555E-5;-6,848888E-5;3,803232E-5;-7,113745E-5
1,866542E0;3,997784E-5;-7,142880E-5;3,970092E-5;-7,007486E-5;3,703874E-5;-6,854179E-5;4,053128E-5;-6,844026E-5;3,810966E-5;-7,108744E-5
1,933204E0;4,004804E-5;-7,144150E-5;3,978128E-5;-7,008927E-5;3,711720E-5;-6,855477E-5;4,063221E-5;-6,844797E-5;3,816738E-5;-7,109269E-5
1,999867E0;4,012936E-5;-7,149460E-5;3,986572E-5;-7,015084E-5;3,719537E-5;-6,860557E-5;4,071558E-5;-6,851266E-5;3,824157E-5;-7,115288E-5
2,066529E0;4,028351E-5;-7,164751E-5;4,002337E-5;-7,030477E-5;3,735761E-5;-6,875719E-5;4,088277E-5;-6,866933E-5;3,839489E-5;-7,130353E-5
2,133191E0;4,045067E-5;-7,168017E-5;4,015513E-5;-7,034105E-5;3,751824E-5;-6,879577E-5;4,105364E-5;-6,869921E-5;3,854986E-5;-7,133751E-5
2,199853E0;4,064169E-5;-7,178975E-5;4,030522E-5;-7,043828E-5;3,771225E-5;-6,890210E-5;4,124713E-5;-6,880160E-5;3,874658E-5;-7,143955E-5
2,266516E0;4,074741E-5;-7,200368E-5;4,041519E-5;-7,066100E-5;3,782098E-5;-6,911687E-5;4,136345E-5;-6,901916E-5;3,886412E-5;-7,165396E-5
2,333178E0;4,097534E-5;-7,234731E-5;4,064079E-5;-7,101441E-5;3,804394E-5;-6,945945E-5;4,159250E-5;-6,937326E-5;3,909566E-5;-7,200551E-5
2,399840E0;4,106101E-5;-7,252664E-5;4,070229E-5;-7,118505E-5;3,812350E-5;-6,963321E-5;4,168245E-5;-6,954227E-5;3,918463E-5;-7,218257E-5
2,466502E0;4,092984E-5;-7,244904E-5;4,056696E-5;-7,110216E-5;3,799563E-5;-6,956184E-5;4,155221E-5;-6,946637E-5;3,905579E-5;-7,209936E-5
2,533164E0;4,085094E-5;-7,214367E-5;4,049567E-5;-7,080198E-5;3,791034E-5;-6,925501E-5;4,147611E-5;-6,915641E-5;3,898327E-5;-7,178651E-5
2,599827E0;4,071187E-5;-7,205607E-5;4,039192E-5;-7,068302E-5;3,776976E-5;-6,916809E-5;4,133412E-5;-6,907026E-5;3,883742E-5;-7,171256E-5
2,666489E0;4,048508E-5;-7,206862E-5;4,020867E-5;-7,064798E-5;3,754449E-5;-6,918037E-5;4,109987E-5;-6,908980E-5;3,860541E-5;-7,173116E-5
2,733151E0;4,061289E-5;-7,195914E-5;4,031738E-5;-7,055035E-5;3,767255E-5;-6,907016E-5;4,123551E-5;-6,897363E-5;3,873463E-5;-7,161042E-5
2,799813E0;4,063558E-5;-7,182095E-5;4,031046E-5;-7,043015E-5;3,769448E-5;-6,893526E-5;4,125677E-5;-6,883285E-5;3,875468E-5;-7,146972E-5
2,866476E0;4,054597E-5;-7,170842E-5;4,024057E-5;-7,030608E-5;3,760967E-5;-6,882617E-5;4,117211E-5;-6,872103E-5;3,868029E-5;-7,135228E-5
2,933138E0;4,052956E-5;-7,167695E-5;4,024008E-5;-7,025061E-5;3,758942E-5;-6,879375E-5;4,115133E-5;-6,868943E-5;3,864690E-5;-7,128449E-5
2,999800E0;4,053927E-5;-7,150887E-5;4,026912E-5;-7,010983E-5;3,760498E-5;-6,862235E-5;4,116079E-5;-6,852034E-5;3,865795E-5;-7,112540E-5
3,066462E0;4,057094E-5;-7,155357E-5;4,031215E-5;-7,018342E-5;3,764349E-5;-6,866404E-5;4,119911E-5;-6,857296E-5;3,870191E-5;-7,118351E-5
3,133124E0;4,071262E-5;-7,168748E-5;4,042089E-5;-7,029950E-5;3,777564E-5;-6,880019E-5;4,133338E-5;-6,869356E-5;3,883046E-5;-7,127511E-5
3,199787E0;4,054007E-5;-7,146841E-5;4,027845E-5;-7,010207E-5;3,761009E-5;-6,858483E-5;4,116420E-5;-6,847609E-5;3,866280E-5;-7,106942E-5
3,266449E0;4,068122E-5;-7,150113E-5;4,040814E-5;-7,013333E-5;3,775119E-5;-6,861482E-5;4,130212E-5;-6,850923E-5;3,878529E-5;-7,110149E-5
3,333111E0;4,067408E-5;-7,140546E-5;4,040813E-5;-7,005087E-5;3,774271E-5;-6,851605E-5;4,130203E-5;-6,841173E-5;3,880496E-5;-7,101896E-5
3,399773E0;4,059670E-5;-7,136189E-5;4,036261E-5;-7,000998E-5;3,766696E-5;-6,846379E-5;4,122524E-5;-6,837240E-5;3,872570E-5;-7,093512E-5
3,466436E0;4,067705E-5;-7,132887E-5;4,039240E-5;-6,992718E-5;3,773989E-5;-6,839708E-5;4,130121E-5;-6,829589E-5;3,879915E-5;-7,089007E-5
3,533098E0;4,054914E-5;-7,127025E-5;4,030217E-5;-6,990591E-5;3,760937E-5;-6,835437E-5;4,118032E-5;-6,825066E-5;3,868232E-5;-7,084393E-5
3,599760E0;4,058768E-5;-7,121161E-5;4,034251E-5;-6,986010E-5;3,764736E-5;-6,830372E-5;4,121970E-5;-6,820458E-5;3,872162E-5;-7,076548E-5
3,666422E0;4,064156E-5;-7,130190E-5;4,035345E-5;-6,995213E-5;3,770393E-5;-6,839542E-5;4,126802E-5;-6,825008E-5;3,876964E-5;-7,082910E-5
3,733084E0;4,071511E-5;-7,135088E-5;4,040923E-5;-6,999186E-5;3,777958E-5;-6,845096E-5;4,133589E-5;-6,831436E-5;3,883316E-5;-7,088008E-5
3,799747E0;4,083512E-5;-7,145095E-5;4,054657E-5;-7,008148E-5;3,789960E-5;-6,855558E-5;4,145582E-5;-6,843069E-5;3,895209E-5;-7,102325E-5
3,866409E0;4,087926E-5;-7,139064E-5;4,062172E-5;-7,004318E-5;3,794502E-5;-6,850036E-5;4,150757E-5;-6,838141E-5;3,900422E-5;-7,098033E-5
3,933071E0;4,090761E-5;-7,137693E-5;4,066077E-5;-7,002470E-5;3,797262E-5;-6,848976E-5;4,153260E-5;-6,836523E-5;3,903323E-5;-7,092632E-5
3,999733E0;4,078551E-5;-7,133970E-5;4,055273E-5;-6,998988E-5;3,784662E-5;-6,844256E-5;4,140666E-5;-6,829214E-5;3,890951E-5;-7,087509E-5
4,066396E0;4,066978E-5;-7,134067E-5;4,046042E-5;-6,998254E-5;3,772576E-5;-6,844343E-5;4,128501E-5;-6,831084E-5;3,878233E-5;-7,090856E-5
4,133058E0;4,053307E-5;-7,133099E-5;4,033563E-5;-6,998607E-5;3,758059E-5;-6,843275E-5;4,115300E-5;-6,831882E-5;3,864581E-5;-7,092729E-5
4,199720E0;4,050321E-5;-7,138111E-5;4,029754E-5;-7,004103E-5;3,754381E-5;-6,848720E-5;4,112465E-5;-6,838984E-5;3,863437E-5;-7,100774E-5
4,266382E0;4,043145E-5;-7,136341E-5;4,022481E-5;-7,002115E-5;3,747965E-5;-6,845121E-5;4,106235E-5;-6,837562E-5;3,855741E-5;-7,093698E-5
4,333044E0;4,042962E-5;-7,133752E-5;4,022986E-5;-6,998871E-5;3,746374E-5;-6,838696E-5;4,104842E-5;-6,830175E-5;3,853717E-5;-7,089293E-5
4,399707E0;4,049321E-5;-7,125031E-5;4,028839E-5;-6,992123E-5;3,752239E-5;-6,832291E-5;4,112325E-5;-6,822603E-5;3,862277E-5;-7,081486E-5
4,466369E0;4,060152E-5;-7,123844E-5;4,038455E-5;-6,990559E-5;3,765249E-5;-6,832315E-5;4,123237E-5;-6,822644E-5;3,873158E-5;-7,079077E-5
4,533031E0;4,081007E-5;-7,126350E-5;4,057451E-5;-6,994117E-5;3,787224E-5;-6,836243E-5;4,144113E-5;-6,825076E-5;3,894172E-5;-7,080079E-5
4,599693E0;4,084514E-5;-7,133745E-5;4,062108E-5;-7,001313E-5;3,791478E-5;-6,844460E-5;4,147170E-5;-6,833138E-5;3,897937E-5;-7,086553E-5
4,666356E0;4,078400E-5;-7,129115E-5;4,057622E-5;-7,000355E-5;3,784737E-5;-6,839682E-5;4,141128E-5;-6,829745E-5;3,891349E-5;-7,086588E-5
4,733018E0;4,076227E-5;-7,134650E-5;4,054644E-5;-7,002731E-5;3,782180E-5;-6,843914E-5;4,138489E-5;-6,835656E-5;3,887639E-5;-7,094939E-5
4,799680E0;4,078651E-5;-7,124999E-5;4,059769E-5;-6,997743E-5;3,783620E-5;-6,835192E-5;4,141535E-5;-6,826305E-5;3,891045E-5;-7,087632E-5
4,866342E0;4,081583E-5;-7,112459E-5;4,062909E-5;-6,983588E-5;3,786454E-5;-6,823066E-5;4,144089E-5;-6,813224E-5;3,893282E-5;-7,075389E-5
4,933004E0;4,066669E-5;-7,117384E-5;4,044679E-5;-6,986773E-5;3,771906E-5;-6,828554E-5;4,128822E-5;-6,818975E-5;3,878156E-5;-7,081705E-5
4,999667E0;4,069401E-5;-7,109437E-5;4,050740E-5;-6,982695E-5;3,775897E-5;-6,820475E-5;4,132060E-5;-6,811136E-5;3,881124E-5;-7,074615E-5
5,066329E0;4,058518E-5;-7,106917E-5;4,039536E-5;-6,975662E-5;3,764124E-5;-6,817794E-5;4,120890E-5;-6,808906E-5;3,869938E-5;-7,072496E-5
5,132991E0;4,054490E-5;-7,128744E-5;4,034790E-5;-6,997058E-5;3,758547E-5;-6,840076E-5;4,115949E-5;-6,830144E-5;3,864870E-5;-7,094486E-5
5,199653E0;4,053378E-5;-7,142638E-5;4,033665E-5;-7,010397E-5;3,759144E-5;-6,854316E-5;4,115157E-5;-6,844517E-5;3,864454E-5;-7,109181E-5
5,266316E0;4,062504E-5;-7,141728E-5;4,041920E-5;-7,008086E-5;3,769184E-5;-6,853273E-5;4,124589E-5;-6,842973E-5;3,873653E-5;-7,107454E-5
5,332978E0;4,063866E-5;-7,125482E-5;4,042576E-5;-6,991259E-5;3,770934E-5;-6,836850E-5;4,126321E-5;-6,826568E-5;3,875554E-5;-7,092020E-5
5,399640E0;4,069801E-5;-7,125559E-5;4,048399E-5;-6,991246E-5;3,777075E-5;-6,836892E-5;4,132184E-5;-6,826127E-5;3,880954E-5;-7,091163E-5
5,466302E0;4,070661E-5;-7,127732E-5;4,048651E-5;-6,993183E-5;3,777467E-5;-6,839386E-5;4,132798E-5;-6,829032E-5;3,881291E-5;-7,092864E-5
5,532964E0;4,063842E-5;-7,123398E-5;4,042624E-5;-6,989230E-5;3,769912E-5;-6,834701E-5;4,126123E-5;-6,825312E-5;3,874274E-5;-7,088775E-5
5,599627E0;4,068564E-5;-7,134065E-5;4,047982E-5;-6,999790E-5;3,773971E-5;-6,844953E-5;4,130545E-5;-6,836027E-5;3,879587E-5;-7,099256E-5
5,666289E0;4,075044E-5;-7,146150E-5;4,053571E-5;-7,013198E-5;3,780480E-5;-6,857236E-5;4,136030E-5;-6,849756E-5;3,885679E-5;-7,113013E-5
5,732951E0;4,096377E-5;-7,150228E-5;4,067682E-5;-7,015219E-5;3,802343E-5;-6,862217E-5;4,152333E-5;-6,852704E-5;3,901330E-5;-7,117310E-5
5,799613E0;4,109070E-5;-7,150068E-5;4,080087E-5;-7,014905E-5;3,815161E-5;-6,861527E-5;4,163858E-5;-6,851707E-5;3,912820E-5;-7,115332E-5
5,866276E0;4,115970E-5;-7,152376E-5;4,083288E-5;-7,017142E-5;3,821680E-5;-6,863731E-5;4,166218E-5;-6,854035E-5;3,915493E-5;-7,117915E-5
5,932938E0;4,106166E-5;-7,165431E-5;4,074195E-5;-7,028858E-5;3,811029E-5;-6,876701E-5;4,154617E-5;-6,864645E-5;3,905440E-5;-7,129490E-5
5,999600E0;4,101914E-5;-7,150175E-5;4,073461E-5;-7,015268E-5;3,806628E-5;-6,861405E-5;4,154564E-5;-6,850948E-5;3,904604E-5;-7,115475E-5
6,066262E0;4,105302E-5;-7,147613E-5;4,079516E-5;-7,012316E-5;3,810640E-5;-6,859062E-5;4,161926E-5;-6,848284E-5;3,911633E-5;-7,112336E-5
6,132924E0;4,101513E-5;-7,146359E-5;4,077136E-5;-7,011528E-5;3,807417E-5;-6,857784E-5;4,160081E-5;-6,847110E-5;3,909816E-5;-7,111414E-5
6,199587E0;4,106822E-5;-7,143625E-5;4,083866E-5;-7,008775E-5;3,813640E-5;-6,855176E-5;4,166945E-5;-6,844310E-5;3,917470E-5;-7,108062E-5
6,266249E0;4,105910E-5;-7,142950E-5;4,084255E-5;-7,007716E-5;3,812887E-5;-6,854190E-5;4,167029E-5;-6,843726E-5;3,917032E-5;-7,107920E-5
6,332911E0;4,110002E-5;-7,147159E-5;4,088011E-5;-7,014326E-5;3,816737E-5;-6,858215E-5;4,170605E-5;-6,848686E-5;3,920458E-5;-7,114088E-5
6,399573E0;4,102898E-5;-7,164137E-5;4,076806E-5;-7,028082E-5;3,809556E-5;-6,875471E-5;4,163953E-5;-6,865499E-5;3,909152E-5;-7,129715E-5
6,466236E0;4,097742E-5;-7,142996E-5;4,073528E-5;-7,007918E-5;3,804512E-5;-6,854227E-5;4,159520E-5;-6,844714E-5;3,905500E-5;-7,109341E-5
6,532898E0;4,094304E-5;-7,123335E-5;4,072525E-5;-6,988258E-5;3,801190E-5;-6,834736E-5;4,156801E-5;-6,825034E-5;3,904149E-5;-7,089914E-5
6,599560E0;4,080704E-5;-7,144698E-5;4,058382E-5;-7,009184E-5;3,787426E-5;-6,856814E-5;4,142877E-5;-6,846156E-5;3,891265E-5;-7,111165E-5
6,666222E0;4,068116E-5;-7,148977E-5;4,045201E-5;-7,014076E-5;3,774652E-5;-6,861016E-5;4,129941E-5;-6,850602E-5;3,878134E-5;-7,115445E-5
6,732884E0;4,066783E-5;-7,129550E-5;4,044036E-5;-6,993322E-5;3,773545E-5;-6,841136E-5;4,128507E-5;-6,830494E-5;3,876737E-5;-7,095178E-5
6,799547E0;4,067542E-5;-7,120204E-5;4,045327E-5;-6,983651E-5;3,774550E-5;-6,831243E-5;4,129766E-5;-6,821093E-5;3,878311E-5;-7,085829E-5
6,866209E0;4,079870E-5;-7,120117E-5;4,057891E-5;-6,977779E-5;3,786878E-5;-6,831277E-5;4,142101E-5;-6,821008E-5;3,892204E-5;-7,084885E-5
6,932871E0;4,075767E-5;-7,127055E-5;4,054673E-5;-6,981779E-5;3,783107E-5;-6,838462E-5;4,137909E-5;-6,828333E-5;3,887296E-5;-7,086350E-5
6,999533E0;4,078889E-5;-7,127277E-5;4,057970E-5;-6,979207E-5;3,785964E-5;-6,838544E-5;4,141380E-5;-6,828372E-5;3,891493E-5;-7,087438E-5
7,066196E0;4,092852E-5;-7,123133E-5;4,071275E-5;-6,975229E-5;3,799756E-5;-6,834457E-5;4,155725E-5;-6,825683E-5;3,906007E-5;-7,086473E-5
7,132858E0;4,099442E-5;-7,123504E-5;4,072040E-5;-6,975489E-5;3,806177E-5;-6,834846E-5;4,162073E-5;-6,825009E-5;3,912277E-5;-7,087391E-5
7,199520E0;4,092475E-5;-7,126449E-5;4,068386E-5;-6,974761E-5;3,799783E-5;-6,838160E-5;4,155318E-5;-6,828975E-5;3,906290E-5;-7,091975E-5
7,266182E0;4,092637E-5;-7,127291E-5;4,064225E-5;-6,975406E-5;3,800658E-5;-6,839183E-5;4,156684E-5;-6,830420E-5;3,908109E-5;-7,093652E-5
7,332844E0;4,092838E-5;-7,123985E-5;4,061317E-5;-6,972190E-5;3,800130E-5;-6,835687E-5;4,156896E-5;-6,826641E-5;3,908238E-5;-7,089113E-5
7,399507E0;4,086108E-5;-7,122101E-5;4,055126E-5;-6,972976E-5;3,793775E-5;-6,834661E-5;4,150120E-5;-6,824748E-5;3,901750E-5;-7,087883E-5
7,466169E0;4,064914E-5;-7,117644E-5;4,039797E-5;-6,968423E-5;3,774439E-5;-6,830667E-5;4,130708E-5;-6,821029E-5;3,880468E-5;-7,083405E-5
7,532831E0;4,064762E-5;-7,109374E-5;4,040139E-5;-6,966474E-5;3,774105E-5;-6,828905E-5;4,128378E-5;-6,817324E-5;3,879825E-5;-7,074877E-5
7,599493E0;4,074006E-5;-7,108200E-5;4,050180E-5;-6,960957E-5;3,781371E-5;-6,823199E-5;4,137639E-5;-6,813196E-5;3,887723E-5;-7,072703E-5
7,666156E0;4,069900E-5;-7,105998E-5;4,041194E-5;-6,958016E-5;3,778600E-5;-6,821325E-5;4,133769E-5;-6,810004E-5;3,884617E-5;-7,071635E-5
7,732818E0;4,071879E-5;-7,107323E-5;4,045191E-5;-6,958620E-5;3,780645E-5;-6,822551E-5;4,135881E-5;-6,809874E-5;3,886148E-5;-7,073621E-5
7,799480E0;4,061524E-5;-7,111838E-5;4,037376E-5;-6,959879E-5;3,776088E-5;-6,825768E-5;4,124983E-5;-6,815032E-5;3,875115E-5;-7,080409E-5
7,866142E0;4,064418E-5;-7,117173E-5;4,036243E-5;-6,965235E-5;3,776349E-5;-6,830067E-5;4,127043E-5;-6,819634E-5;3,877386E-5;-7,083896E-5
7,932804E0;4,075256E-5;-7,118606E-5;4,045457E-5;-6,967505E-5;3,787889E-5;-6,832519E-5;4,139678E-5;-6,822216E-5;3,889834E-5;-7,087527E-5
7,999467E0;4,088595E-5;-7,118000E-5;4,056188E-5;-6,973791E-5;3,799061E-5;-6,839329E-5;4,152468E-5;-6,825329E-5;3,902409E-5;-7,091395E-5
8,066129E0;4,083558E-5;-7,111096E-5;4,055287E-5;-6,970520E-5;3,797290E-5;-6,832246E-5;4,145874E-5;-6,822640E-5;3,895532E-5;-7,087005E-5
8,132791E0;4,076498E-5;-7,106540E-5;4,048830E-5;-6,965647E-5;3,787516E-5;-6,828256E-5;4,137975E-5;-6,819732E-5;3,887911E-5;-7,084223E-5
8,199453E0;4,077447E-5;-7,103759E-5;4,047046E-5;-6,959519E-5;3,786977E-5;-6,822406E-5;4,138865E-5;-6,812750E-5;3,889272E-5;-7,077413E-5
8,266116E0;4,076192E-5;-7,105357E-5;4,043521E-5;-6,958885E-5;3,785260E-5;-6,821016E-5;4,138160E-5;-6,811208E-5;3,888399E-5;-7,076179E-5
8,332778E0;4,074511E-5;-7,098290E-5;4,040575E-5;-6,950715E-5;3,783511E-5;-6,812180E-5;4,136562E-5;-6,802402E-5;3,886627E-5;-7,067216E-5
8,399440E0;4,074826E-5;-7,093691E-5;4,041438E-5;-6,951652E-5;3,781661E-5;-6,806456E-5;4,137141E-5;-6,796808E-5;3,886625E-5;-7,060677E-5
8,466102E0;4,082589E-5;-7,092786E-5;4,047738E-5;-6,953483E-5;3,789796E-5;-6,805119E-5;4,144995E-5;-6,795582E-5;3,894285E-5;-7,059788E-5
8,532764E0;4,095817E-5;-7,092955E-5;4,062039E-5;-6,955050E-5;3,802943E-5;-6,804434E-5;4,158599E-5;-6,795482E-5;3,907755E-5;-7,059838E-5
8,599427E0;4,099787E-5;-7,088282E-5;4,065178E-5;-6,951967E-5;3,806831E-5;-6,799989E-5;4,162412E-5;-6,790721E-5;3,911794E-5;-7,055263E-5
8,666089E0;4,087919E-5;-7,093027E-5;4,052695E-5;-6,957469E-5;3,794417E-5;-6,804686E-5;4,150626E-5;-6,795685E-5;3,899734E-5;-7,060421E-5
8,732751E0;4,082313E-5;-7,099557E-5;4,047802E-5;-6,964105E-5;3,789115E-5;-6,812085E-5;4,144950E-5;-6,802332E-5;3,894553E-5;-7,067414E-5
8,799413E0;4,079818E-5;-7,095439E-5;4,044893E-5;-6,960201E-5;3,786062E-5;-6,806896E-5;4,142616E-5;-6,797496E-5;3,891951E-5;-7,062591E-5
8,866076E0;4,070582E-5;-7,084497E-5;4,035833E-5;-6,948846E-5;3,776466E-5;-6,796070E-5;4,132950E-5;-6,786443E-5;3,882570E-5;-7,051188E-5
8,932738E0;4,070793E-5;-7,090378E-5;4,035535E-5;-6,948410E-5;3,776850E-5;-6,801860E-5;4,133253E-5;-6,792125E-5;3,882849E-5;-7,056902E-5
8,999400E0;4,081026E-5;-7,093348E-5;4,045161E-5;-6,949442E-5;3,787579E-5;-6,804828E-5;4,143655E-5;-6,795076E-5;3,893258E-5;-7,059727E-5
9,066062E0;4,089492E-5;-7,094656E-5;4,056307E-5;-6,951786E-5;3,796015E-5;-6,806213E-5;4,151898E-5;-6,796309E-5;3,901821E-5;-7,060885E-5
9,132724E0;4,075873E-5;-7,086133E-5;4,043809E-5;-6,941534E-5;3,782451E-5;-6,797452E-5;4,138358E-5;-6,787703E-5;3,888252E-5;-7,052297E-5
9,199387E0;4,069302E-5;-7,088625E-5;4,036463E-5;-6,941775E-5;3,775500E-5;-6,800284E-5;4,131518E-5;-6,790487E-5;3,881246E-5;-7,055045E-5
9,266049E0;4,059513E-5;-7,092133E-5;4,025883E-5;-6,944678E-5;3,766106E-5;-6,803687E-5;4,121734E-5;-6,793930E-5;3,871469E-5;-7,058434E-5
9,332711E0;4,062535E-5;-7,096348E-5;4,028228E-5;-6,947776E-5;3,768977E-5;-6,807687E-5;4,124938E-5;-6,797970E-5;3,874857E-5;-7,062679E-5
9,399373E0;4,059957E-5;-7,086041E-5;4,025215E-5;-6,936583E-5;3,766247E-5;-6,797472E-5;4,122477E-5;-6,787818E-5;3,872326E-5;-7,052142E-5
9,466036E0;4,057541E-5;-7,084233E-5;4,024288E-5;-6,934478E-5;3,763860E-5;-6,795579E-5;4,120065E-5;-6,785863E-5;3,870157E-5;-7,050238E-5
9,532698E0;4,062746E-5;-7,076895E-5;4,028562E-5;-6,933312E-5;3,768930E-5;-6,788293E-5;4,125266E-5;-6,778714E-5;3,874970E-5;-7,042834E-5
9,599360E0;4,071055E-5;-7,079294E-5;4,036197E-5;-6,938677E-5;3,777146E-5;-6,790676E-5;4,133636E-5;-6,781464E-5;3,883592E-5;-7,045747E-5
9,666022E0;4,067516E-5;-7,088750E-5;4,031087E-5;-6,947619E-5;3,773427E-5;-6,800036E-5;4,129942E-5;-6,790691E-5;3,879925E-5;-7,055087E-5
9,732684E0;4,072876E-5;-7,095282E-5;4,038122E-5;-6,952650E-5;3,779185E-5;-6,806708E-5;4,135442E-5;-6,797088E-5;3,885301E-5;-7,061677E-5
9,799347E0;4,071153E-5;-7,096801E-5;4,041249E-5;-6,957966E-5;3,777409E-5;-6,808071E-5;4,133594E-5;-6,798563E-5;3,883564E-5;-7,062801E-5
9,866009E0;4,067682E-5;-7,098524E-5;4,040666E-5;-6,960469E-5;3,774022E-5;-6,809841E-5;4,130118E-5;-6,800252E-5;3,879867E-5;-7,064772E-5
9,932671E0;4,063135E-5;-7,092038E-5;4,038386E-5;-6,954589E-5;3,768948E-5;-6,803477E-5;4,125681E-5;-6,793791E-5;3,875623E-5;-7,058311E-5
9,999333E0;4,066537E-5;-7,091745E-5;4,043620E-5;-6,955157E-5;3,772584E-5;-6,803194E-5;4,129101E-5;-6,793572E-5;3,878989E-5;-7,057957E-5
1,006600E1;4,068951E-5;-7,101711E-5;4,046975E-5;-6,965544E-5;3,774705E-5;-6,813344E-5;4,131270E-5;-6,803403E-5;3,881502E-5;-7,067810E-5
1,013266E1;4,070585E-5;-7,100162E-5;4,049442E-5;-6,960453E-5;3,775903E-5;-6,811918E-5;4,133188E-5;-6,801826E-5;3,883015E-5;-7,062196E-5
1,019932E1;4,065462E-5;-7,087698E-5;4,044983E-5;-6,950279E-5;3,771429E-5;-6,799310E-5;4,127986E-5;-6,789329E-5;3,877857E-5;-7,051989E-5
1,026598E1;4,072701E-5;-7,097230E-5;4,052384E-5;-6,960365E-5;3,779393E-5;-6,808607E-5;4,135190E-5;-6,798763E-5;3,884955E-5;-7,061515E-5
1,033264E1;4,078650E-5;-7,096068E-5;4,058239E-5;-6,959931E-5;3,785629E-5;-6,807331E-5;4,141531E-5;-6,797783E-5;3,891389E-5;-7,060865E-5
1,039931E1;4,100815E-5;-7,097420E-5;4,079103E-5;-6,961571E-5;3,807853E-5;-6,808613E-5;4,163300E-5;-6,798598E-5;3,912986E-5;-7,062047E-5
1,046597E1;4,115771E-5;-7,083248E-5;4,092297E-5;-6,948650E-5;3,822537E-5;-6,794293E-5;4,178445E-5;-6,784166E-5;3,927439E-5;-7,047927E-5
1,053263E1;4,099559E-5;-7,078697E-5;4,078796E-5;-6,943518E-5;3,805965E-5;-6,790668E-5;4,162159E-5;-6,780214E-5;3,911796E-5;-7,043810E-5
1,059929E1;4,089428E-5;-7,069034E-5;4,070246E-5;-6,933929E-5;3,795146E-5;-6,780737E-5;4,152219E-5;-6,770738E-5;3,901706E-5;-7,034199E-5
1,066596E1;4,087691E-5;-7,075699E-5;4,068092E-5;-6,940598E-5;3,793888E-5;-6,787298E-5;4,150186E-5;-6,777323E-5;3,899966E-5;-7,041349E-5
1,073262E1;4,069737E-5;-7,083217E-5;4,050030E-5;-6,948094E-5;3,775707E-5;-6,795014E-5;4,132194E-5;-6,785021E-5;3,882002E-5;-7,049003E-5
1,079928E1;4,066667E-5;-7,077425E-5;4,047159E-5;-6,942649E-5;3,772556E-5;-6,788800E-5;4,129313E-5;-6,779132E-5;3,879099E-5;-7,043436E-5
1,086594E1;4,077474E-5;-7,091868E-5;4,057625E-5;-6,957586E-5;3,784506E-5;-6,803079E-5;4,140990E-5;-6,793576E-5;3,890757E-5;-7,057630E-5
1,093260E1;4,084562E-5;-7,095553E-5;4,062817E-5;-6,962118E-5;3,792316E-5;-6,805736E-5;4,148037E-5;-6,796317E-5;3,897472E-5;-7,060861E-5
1,099927E1;4,088891E-5;-7,088607E-5;4,068556E-5;-6,954582E-5;3,795863E-5;-6,799550E-5;4,152086E-5;-6,789970E-5;3,901322E-5;-7,054495E-5
1,106593E1;4,080604E-5;-7,089248E-5;4,059907E-5;-6,954572E-5;3,787348E-5;-6,800496E-5;4,143645E-5;-6,791031E-5;3,893163E-5;-7,055225E-5
1,113259E1;4,068802E-5;-7,093580E-5;4,047647E-5;-6,959321E-5;3,776038E-5;-6,804109E-5;4,132222E-5;-6,794830E-5;3,881351E-5;-7,059132E-5
1,119925E1;4,059895E-5;-7,081868E-5;4,040004E-5;-6,947371E-5;3,765273E-5;-6,793891E-5;4,122687E-5;-6,783643E-5;3,872885E-5;-7,047244E-5
1,126592E1;4,061062E-5;-7,079298E-5;4,040521E-5;-6,944768E-5;3,766952E-5;-6,791535E-5;4,123915E-5;-6,781112E-5;3,873159E-5;-7,045147E-5
1,133258E1;4,051959E-5;-7,084363E-5;4,031548E-5;-6,950047E-5;3,758178E-5;-6,794867E-5;4,115218E-5;-6,785168E-5;3,864294E-5;-7,050012E-5
1,139924E1;4,052872E-5;-7,093097E-5;4,029320E-5;-6,964465E-5;3,759543E-5;-6,803336E-5;4,116068E-5;-6,793974E-5;3,864784E-5;-7,058894E-5
1,146590E1;4,074148E-5;-7,098932E-5;4,052916E-5;-6,966624E-5;3,780677E-5;-6,810925E-5;4,136427E-5;-6,800783E-5;3,885659E-5;-7,062711E-5
1,153256E1;4,083859E-5;-7,089854E-5;4,058039E-5;-6,957926E-5;3,789957E-5;-6,801138E-5;4,146632E-5;-6,791489E-5;3,891216E-5;-7,056363E-5
1,159923E1;4,083754E-5;-7,085430E-5;4,059194E-5;-6,952795E-5;3,789969E-5;-6,797080E-5;4,146603E-5;-6,787065E-5;3,892925E-5;-7,051845E-5
1,166589E1;4,084093E-5;-7,083652E-5;4,063357E-5;-6,950587E-5;3,790241E-5;-6,795266E-5;4,146737E-5;-6,785290E-5;3,893637E-5;-7,049501E-5
1,173255E1;4,071638E-5;-7,080635E-5;4,051180E-5;-6,952803E-5;3,777795E-5;-6,791678E-5;4,134478E-5;-6,781866E-5;3,882662E-5;-7,046909E-5
1,179921E1;4,072604E-5;-7,078284E-5;4,052445E-5;-6,952741E-5;3,778857E-5;-6,789071E-5;4,135170E-5;-6,779242E-5;3,883914E-5;-7,044420E-5
1,186588E1;4,071904E-5;-7,076945E-5;4,052040E-5;-6,953673E-5;3,778526E-5;-6,788011E-5;4,134407E-5;-6,778040E-5;3,883524E-5;-7,043008E-5
1,193254E1;4,055746E-5;-7,086783E-5;4,035524E-5;-6,963120E-5;3,762188E-5;-6,797748E-5;4,118499E-5;-6,787599E-5;3,867857E-5;-7,052625E-5
1,199920E1;4,055991E-5;-7,078156E-5;4,036728E-5;-6,952323E-5;3,761025E-5;-6,789605E-5;4,118144E-5;-6,779266E-5;3,867780E-5;-7,044392E-5
1,206586E1;4,060762E-5;-7,076525E-5;4,041029E-5;-6,952325E-5;3,765904E-5;-6,788668E-5;4,122589E-5;-6,777890E-5;3,872552E-5;-7,042930E-5
1,213252E1;4,063104E-5;-7,066922E-5;4,043154E-5;-6,942829E-5;3,770201E-5;-6,778946E-5;4,125103E-5;-6,767837E-5;3,874637E-5;-7,033184E-5
1,219919E1;4,054365E-5;-7,066171E-5;4,034763E-5;-6,943106E-5;3,760454E-5;-6,783030E-5;4,116634E-5;-6,766770E-5;3,866294E-5;-7,031989E-5
1,226585E1;4,070437E-5;-7,066382E-5;4,050943E-5;-6,943537E-5;3,776031E-5;-6,786030E-5;4,132704E-5;-6,766721E-5;3,882817E-5;-7,032090E-5
1,233251E1;4,073055E-5;-7,071203E-5;4,051267E-5;-6,947977E-5;3,778948E-5;-6,791936E-5;4,135129E-5;-6,771732E-5;3,884537E-5;-7,036603E-5
1,239917E1;4,052617E-5;-7,062782E-5;4,034253E-5;-6,939748E-5;3,760975E-5;-6,782527E-5;4,115150E-5;-6,764624E-5;3,864968E-5;-7,028976E-5
1,246584E1;4,032520E-5;-7,046318E-5;4,013822E-5;-6,925381E-5;3,741293E-5;-6,768599E-5;4,095458E-5;-6,748567E-5;3,845571E-5;-7,012991E-5
1,253250E1;4,032045E-5;-7,037440E-5;4,012297E-5;-6,918033E-5;3,737167E-5;-6,760878E-5;4,095869E-5;-6,739662E-5;3,845526E-5;-7,004123E-5
1,259916E1;4,052164E-5;-7,048955E-5;4,031103E-5;-6,930300E-5;3,761981E-5;-6,767737E-5;4,115557E-5;-6,750780E-5;3,865026E-5;-7,014991E-5
1,266582E1;4,064827E-5;-7,044700E-5;4,041135E-5;-6,925147E-5;3,773032E-5;-6,766470E-5;4,127981E-5;-6,745299E-5;3,876694E-5;-7,009346E-5
1,273248E1;4,071254E-5;-7,024732E-5;4,050202E-5;-6,903857E-5;3,779319E-5;-6,744726E-5;4,134295E-5;-6,724138E-5;3,884629E-5;-6,985852E-5
1,279915E1;4,054076E-5;-7,041206E-5;4,034592E-5;-6,921696E-5;3,761320E-5;-6,764971E-5;4,117013E-5;-6,742679E-5;3,867632E-5;-7,005093E-5
1,286581E1;4,048467E-5;-7,056504E-5;4,028124E-5;-6,937443E-5;3,756077E-5;-6,780503E-5;4,111386E-5;-6,758154E-5;3,861825E-5;-7,019910E-5
1,293247E1;4,045047E-5;-7,065100E-5;4,026041E-5;-6,946048E-5;3,751739E-5;-6,790664E-5;4,107342E-5;-6,766930E-5;3,858081E-5;-7,027988E-5
1,299913E1;4,050328E-5;-7,077258E-5;4,030447E-5;-6,958232E-5;3,756917E-5;-6,802136E-5;4,113006E-5;-6,778045E-5;3,863652E-5;-7,040396E-5
1,306580E1;4,054442E-5;-7,070415E-5;4,033812E-5;-6,952291E-5;3,759712E-5;-6,795325E-5;4,118047E-5;-6,771051E-5;3,864975E-5;-7,033565E-5
1,313246E1;4,053229E-5;-7,077850E-5;4,031263E-5;-6,959014E-5;3,760958E-5;-6,798070E-5;4,115566E-5;-6,778770E-5;3,866151E-5;-7,037376E-5
1,319912E1;4,049709E-5;-7,080334E-5;4,028287E-5;-6,961900E-5;3,756886E-5;-6,803331E-5;4,111965E-5;-6,781425E-5;3,862249E-5;-7,042228E-5
1,326578E1;4,055629E-5;-7,079691E-5;4,034371E-5;-6,961804E-5;3,763444E-5;-6,806089E-5;4,118236E-5;-6,780502E-5;3,868134E-5;-7,042558E-5
1,333244E1;4,064423E-5;-7,086545E-5;4,042782E-5;-6,968624E-5;3,773734E-5;-6,811232E-5;4,127625E-5;-6,788573E-5;3,877844E-5;-7,050891E-5
1,339911E1;4,070710E-5;-7,100474E-5;4,048582E-5;-6,982834E-5;3,782311E-5;-6,824382E-5;4,133494E-5;-6,802167E-5;3,882620E-5;-7,064574E-5
1,346577E1;4,070273E-5;-7,083610E-5;4,049073E-5;-6,965338E-5;3,785095E-5;-6,807843E-5;4,132589E-5;-6,784916E-5;3,882271E-5;-7,047448E-5
1,353243E1;4,072948E-5;-7,074049E-5;4,052120E-5;-6,956162E-5;3,791082E-5;-6,799802E-5;4,135806E-5;-6,775349E-5;3,885735E-5;-7,038484E-5
1,359909E1;4,061864E-5;-7,083091E-5;4,041853E-5;-6,964905E-5;3,780178E-5;-6,806048E-5;4,124275E-5;-6,784647E-5;3,874398E-5;-7,048049E-5
1,366576E1;4,063273E-5;-7,087835E-5;4,043883E-5;-6,969643E-5;3,775361E-5;-6,812085E-5;4,126174E-5;-6,789672E-5;3,877128E-5;-7,053404E-5
1,373242E1;4,051270E-5;-7,091898E-5;4,032191E-5;-6,973729E-5;3,761481E-5;-6,811534E-5;4,114045E-5;-6,793396E-5;3,864597E-5;-7,057250E-5
1,379908E1;4,048340E-5;-7,095537E-5;4,028395E-5;-6,977335E-5;3,757688E-5;-6,812886E-5;4,110959E-5;-6,796989E-5;3,861384E-5;-7,060153E-5
1,386574E1;4,054086E-5;-7,088333E-5;4,034348E-5;-6,970173E-5;3,762726E-5;-6,803745E-5;4,116844E-5;-6,789847E-5;3,867933E-5;-7,052703E-5
1,393240E1;4,050498E-5;-7,084732E-5;4,028682E-5;-6,965955E-5;3,757731E-5;-6,799354E-5;4,113176E-5;-6,786674E-5;3,859910E-5;-7,050459E-5
1,399907E1;4,048833E-5;-7,101558E-5;4,029506E-5;-6,978473E-5;3,757971E-5;-6,815365E-5;4,113327E-5;-6,803488E-5;3,861626E-5;-7,062150E-5
1,406573E1;4,047483E-5;-7,095507E-5;4,028063E-5;-6,973911E-5;3,755728E-5;-6,813612E-5;4,109156E-5;-6,802220E-5;3,860441E-5;-7,058081E-5
1,413239E1;4,037291E-5;-7,084534E-5;4,015981E-5;-6,963112E-5;3,742537E-5;-6,804507E-5;4,099398E-5;-6,789229E-5;3,846785E-5;-7,048956E-5
1,419905E1;4,041506E-5;-7,099285E-5;4,023354E-5;-6,975553E-5;3,749830E-5;-6,817946E-5;4,107067E-5;-6,803608E-5;3,855275E-5;-7,060175E-5
1,426572E1;4,041598E-5;-7,094493E-5;4,022928E-5;-6,972332E-5;3,749775E-5;-6,815825E-5;4,103402E-5;-6,802878E-5;3,855795E-5;-7,056859E-5
1,433238E1;4,053321E-5;-7,095085E-5;4,033902E-5;-6,974682E-5;3,760899E-5;-6,818060E-5;4,115658E-5;-6,800852E-5;3,866560E-5;-7,058213E-5
1,439904E1;4,055752E-5;-7,097800E-5;4,036639E-5;-6,977972E-5;3,762877E-5;-6,822172E-5;4,120796E-5;-6,804448E-5;3,868437E-5;-7,061537E-5
1,446570E1;4,055784E-5;-7,104334E-5;4,035990E-5;-6,984935E-5;3,760762E-5;-6,829126E-5;4,122405E-5;-6,813993E-5;3,869260E-5;-7,070741E-5
1,453236E1;4,053181E-5;-7,111507E-5;4,032490E-5;-6,992928E-5;3,761366E-5;-6,832286E-5;4,123617E-5;-6,818705E-5;3,870534E-5;-7,077862E-5
1,459903E1;4,050001E-5;-7,108578E-5;4,029087E-5;-6,989986E-5;3,758276E-5;-6,831134E-5;4,122463E-5;-6,814098E-5;3,870473E-5;-7,075104E-5
1,466569E1;4,047416E-5;-7,110355E-5;4,027005E-5;-6,991947E-5;3,755199E-5;-6,834635E-5;4,121814E-5;-6,815100E-5;3,870179E-5;-7,076607E-5
1,473235E1;4,055049E-5;-7,101015E-5;4,036028E-5;-6,982498E-5;3,761565E-5;-6,825521E-5;4,132544E-5;-6,805280E-5;3,880006E-5;-7,067417E-5
1,479901E1;4,071415E-5;-7,091761E-5;4,051014E-5;-6,973862E-5;3,779063E-5;-6,816971E-5;4,147692E-5;-6,800093E-5;3,897246E-5;-7,058265E-5
1,486568E1;4,081603E-5;-7,103671E-5;4,059686E-5;-6,986453E-5;3,787434E-5;-6,829149E-5;4,158113E-5;-6,810744E-5;3,907643E-5;-7,071063E-5
1,493234E1;4,079270E-5;-7,102892E-5;4,057809E-5;-6,985037E-5;3,785276E-5;-6,823114E-5;4,156485E-5;-6,807878E-5;3,906186E-5;-7,070069E-5
1,499900E1;4,073013E-5;-7,107612E-5;4,052063E-5;-6,990280E-5;3,779183E-5;-6,825199E-5;4,150689E-5;-6,811656E-5;3,900178E-5;-7,074373E-5
1,506566E1;4,072051E-5;-7,119256E-5;4,051104E-5;-7,002438E-5;3,778460E-5;-6,835724E-5;4,150121E-5;-6,823225E-5;3,899411E-5;-7,086743E-5
1,513232E1;4,073610E-5;-7,127438E-5;4,051906E-5;-7,011190E-5;3,779542E-5;-6,842211E-5;4,151046E-5;-6,831189E-5;3,899635E-5;-7,095413E-5
1,519899E1;4,081540E-5;-7,131785E-5;4,059860E-5;-7,014525E-5;3,787894E-5;-6,845870E-5;4,159266E-5;-6,834602E-5;3,907968E-5;-7,098636E-5
1,526565E1;4,082271E-5;-7,117139E-5;4,062156E-5;-6,999398E-5;3,789484E-5;-6,830396E-5;4,160819E-5;-6,819787E-5;3,910464E-5;-7,083485E-5
1,533231E1;4,080909E-5;-7,110901E-5;4,059790E-5;-6,992659E-5;3,787581E-5;-6,828982E-5;4,159217E-5;-6,813088E-5;3,908596E-5;-7,076497E-5
1,539897E1;4,100892E-5;-7,100235E-5;4,078864E-5;-6,982299E-5;3,807681E-5;-6,816470E-5;4,178597E-5;-6,802464E-5;3,927628E-5;-7,066461E-5
1,546564E1;4,104688E-5;-7,101302E-5;4,082316E-5;-6,983536E-5;3,811538E-5;-6,821438E-5;4,182628E-5;-6,803724E-5;3,931277E-5;-7,067684E-5
1,553230E1;4,090254E-5;-7,083692E-5;4,068945E-5;-6,965913E-5;3,796964E-5;-6,805576E-5;4,168427E-5;-6,790951E-5;3,917626E-5;-7,050056E-5
1,559896E1;4,084318E-5;-7,087227E-5;4,062905E-5;-6,969381E-5;3,789987E-5;-6,811035E-5;4,161814E-5;-6,797631E-5;3,912073E-5;-7,054190E-5
1,566562E1;4,081703E-5;-7,086082E-5;4,060688E-5;-6,967720E-5;3,787915E-5;-6,805710E-5;4,159522E-5;-6,793368E-5;3,909469E-5;-7,052134E-5
1,573228E1;4,071103E-5;-7,097802E-5;4,050844E-5;-6,979173E-5;3,777159E-5;-6,815556E-5;4,148938E-5;-6,803646E-5;3,899656E-5;-7,063802E-5
1,579895E1;4,068236E-5;-7,091231E-5;4,048180E-5;-6,972822E-5;3,774750E-5;-6,811413E-5;4,147336E-5;-6,800147E-5;3,896931E-5;-7,057073E-5
1,586561E1;4,070368E-5;-7,093264E-5;4,049607E-5;-6,974304E-5;3,777185E-5;-6,810727E-5;4,148985E-5;-6,799841E-5;3,898495E-5;-7,058876E-5
1,593227E1;4,069472E-5;-7,098754E-5;4,049412E-5;-6,979726E-5;3,775073E-5;-6,814938E-5;4,147130E-5;-6,803668E-5;3,898135E-5;-7,064194E-5
1,599893E1;4,068094E-5;-7,114056E-5;4,047928E-5;-6,996781E-5;3,773547E-5;-6,833941E-5;4,145641E-5;-6,824458E-5;3,896633E-5;-7,081079E-5
1,606560E1;4,054425E-5;-7,102639E-5;4,037575E-5;-6,980997E-5;3,761789E-5;-6,824888E-5;4,134517E-5;-6,814530E-5;3,883255E-5;-7,069282E-5
1,613226E1;4,054589E-5;-7,099972E-5;4,039432E-5;-6,976009E-5;3,760025E-5;-6,818861E-5;4,132306E-5;-6,808984E-5;3,883439E-5;-7,066657E-5
1,619892E1;4,048852E-5;-7,089957E-5;4,034947E-5;-6,971449E-5;3,755296E-5;-6,811588E-5;4,127615E-5;-6,802676E-5;3,876326E-5;-7,057558E-5
1,626558E1;4,047341E-5;-7,091761E-5;4,029874E-5;-6,972659E-5;3,753539E-5;-6,809792E-5;4,125530E-5;-6,800861E-5;3,874605E-5;-7,059291E-5
1,633224E1;4,034274E-5;-7,082900E-5;4,018279E-5;-6,964708E-5;3,739560E-5;-6,799068E-5;4,112776E-5;-6,789877E-5;3,863804E-5;-7,050437E-5
1,639891E1;4,027521E-5;-7,094735E-5;4,010681E-5;-6,976287E-5;3,732677E-5;-6,814424E-5;4,105381E-5;-6,805033E-5;3,856905E-5;-7,062197E-5
1,646557E1;4,040736E-5;-7,094165E-5;4,022035E-5;-6,975337E-5;3,746068E-5;-6,818241E-5;4,118054E-5;-6,808918E-5;3,869067E-5;-7,060915E-5
1,653223E1;4,050389E-5;-7,091442E-5;4,031313E-5;-6,973183E-5;3,751547E-5;-6,814575E-5;4,123986E-5;-6,805060E-5;3,878756E-5;-7,057912E-5
1,659889E1;4,056143E-5;-7,093371E-5;4,037253E-5;-6,974502E-5;3,759535E-5;-6,817792E-5;4,131674E-5;-6,807517E-5;3,884602E-5;-7,059124E-5
1,666556E1;4,050452E-5;-7,093134E-5;4,030858E-5;-6,974051E-5;3,754617E-5;-6,818573E-5;4,126910E-5;-6,808088E-5;3,878841E-5;-7,058856E-5
1,673222E1;4,051586E-5;-7,096418E-5;4,032093E-5;-6,976652E-5;3,756530E-5;-6,822437E-5;4,128905E-5;-6,811387E-5;3,880282E-5;-7,061948E-5
1,679888E1;4,056769E-5;-7,098847E-5;4,037061E-5;-6,981203E-5;3,762279E-5;-6,827298E-5;4,134641E-5;-6,816568E-5;3,885870E-5;-7,066476E-5
1,686554E1;4,051638E-5;-7,094222E-5;4,027799E-5;-6,976120E-5;3,752753E-5;-6,820873E-5;4,125582E-5;-6,811431E-5;3,876744E-5;-7,060417E-5
1,693220E1;4,045130E-5;-7,098792E-5;4,021722E-5;-6,980373E-5;3,747391E-5;-6,825829E-5;4,119094E-5;-6,818546E-5;3,870873E-5;-7,064801E-5
1,699887E1;4,030722E-5;-7,089467E-5;4,007780E-5;-6,970702E-5;3,734191E-5;-6,816859E-5;4,101438E-5;-6,808631E-5;3,857091E-5;-7,055924E-5
1,706553E1;4,022732E-5;-7,075199E-5;4,001146E-5;-6,959903E-5;3,726500E-5;-6,805850E-5;4,091284E-5;-6,794287E-5;3,849984E-5;-7,043860E-5
1,713219E1;4,036518E-5;-7,079210E-5;4,010871E-5;-6,958998E-5;3,736672E-5;-6,804644E-5;4,103221E-5;-6,794062E-5;3,859978E-5;-7,043982E-5
1,719885E1;4,047302E-5;-7,090597E-5;4,023067E-5;-6,969992E-5;3,748965E-5;-6,815910E-5;4,117311E-5;-6,807238E-5;3,872251E-5;-7,055654E-5
1,726552E1;4,053190E-5;-7,101653E-5;4,031503E-5;-6,980668E-5;3,757733E-5;-6,827494E-5;4,122492E-5;-6,816304E-5;3,881065E-5;-7,066513E-5
1,733218E1;4,044237E-5;-7,100085E-5;4,021677E-5;-6,976036E-5;3,746499E-5;-6,822460E-5;4,113919E-5;-6,813505E-5;3,870580E-5;-7,061421E-5
1,739884E1;4,044741E-5;-7,089137E-5;4,023568E-5;-6,968110E-5;3,751522E-5;-6,812747E-5;4,113663E-5;-6,804209E-5;3,872182E-5;-7,052116E-5
1,746550E1;4,048964E-5;-7,094058E-5;4,028548E-5;-6,975475E-5;3,753956E-5;-6,813882E-5;4,116224E-5;-6,809503E-5;3,877087E-5;-7,058279E-5
1,753216E1;4,051678E-5;-7,092429E-5;4,031493E-5;-6,974371E-5;3,758003E-5;-6,814650E-5;4,118235E-5;-6,808149E-5;3,880324E-5;-7,057078E-5
1,759883E1;4,057453E-5;-7,090734E-5;4,036293E-5;-6,975950E-5;3,763493E-5;-6,816086E-5;4,123161E-5;-6,809139E-5;3,885265E-5;-7,057539E-5
1,766549E1;4,062314E-5;-7,094016E-5;4,036112E-5;-6,978129E-5;3,768835E-5;-6,820439E-5;4,127324E-5;-6,812555E-5;3,884861E-5;-7,060450E-5
1,773215E1;4,070497E-5;-7,086365E-5;4,041212E-5;-6,968557E-5;3,778433E-5;-6,811276E-5;4,135595E-5;-6,801896E-5;3,891733E-5;-7,050322E-5
1,779881E1;4,050748E-5;-7,079817E-5;4,024856E-5;-6,963100E-5;3,757123E-5;-6,801278E-5;4,114935E-5;-6,791940E-5;3,873312E-5;-7,039186E-5
1,786548E1;4,063809E-5;-7,084915E-5;4,038942E-5;-6,969248E-5;3,771490E-5;-6,808117E-5;4,128786E-5;-6,798462E-5;3,888489E-5;-7,046535E-5
1,793214E1;4,068116E-5;-7,088189E-5;4,044704E-5;-6,972233E-5;3,775087E-5;-6,806347E-5;4,132052E-5;-6,796960E-5;3,893790E-5;-7,046533E-5
1,799880E1;4,059556E-5;-7,094586E-5;4,037762E-5;-6,977679E-5;3,766346E-5;-6,812209E-5;4,123622E-5;-6,803745E-5;3,886000E-5;-7,052370E-5
1,806546E1;4,052441E-5;-7,096934E-5;4,031476E-5;-6,978797E-5;3,757795E-5;-6,813268E-5;4,114526E-5;-6,808949E-5;3,875082E-5;-7,056753E-5
1,813212E1;4,054497E-5;-7,101525E-5;4,032953E-5;-6,982270E-5;3,759526E-5;-6,822260E-5;4,115451E-5;-6,815184E-5;3,878394E-5;-7,063609E-5
1,819879E1;4,050804E-5;-7,097061E-5;4,030153E-5;-6,979296E-5;3,757076E-5;-6,819174E-5;4,113549E-5;-6,811822E-5;3,876621E-5;-7,060485E-5
1,826545E1;4,050246E-5;-7,094187E-5;4,029446E-5;-6,975859E-5;3,756209E-5;-6,817724E-5;4,112484E-5;-6,809960E-5;3,876413E-5;-7,057321E-5
1,833211E1;4,055353E-5;-7,089958E-5;4,034501E-5;-6,971577E-5;3,761794E-5;-6,814536E-5;4,118211E-5;-6,805724E-5;3,882112E-5;-7,053106E-5
1,839877E1;4,065475E-5;-7,093434E-5;4,044349E-5;-6,975186E-5;3,772196E-5;-6,818506E-5;4,128136E-5;-6,809591E-5;3,892704E-5;-7,057613E-5
1,846544E1;4,061811E-5;-7,090297E-5;4,040772E-5;-6,972298E-5;3,768631E-5;-6,816336E-5;4,124955E-5;-6,807108E-5;3,889696E-5;-7,054763E-5
1,853210E1;4,059031E-5;-7,088994E-5;4,037643E-5;-6,970385E-5;3,765699E-5;-6,815275E-5;4,121841E-5;-6,806053E-5;3,886802E-5;-7,053581E-5
1,859876E1;4,041901E-5;-7,087786E-5;4,021664E-5;-6,969554E-5;3,748230E-5;-6,815170E-5;4,104653E-5;-6,805955E-5;3,870307E-5;-7,053056E-5
1,866542E1;4,043827E-5;-7,088103E-5;4,022288E-5;-6,970429E-5;3,750839E-5;-6,814762E-5;4,107272E-5;-6,805599E-5;3,870647E-5;-7,053239E-5
1,873208E1;4,054174E-5;-7,094212E-5;4,033547E-5;-6,976775E-5;3,760481E-5;-6,821036E-5;4,116877E-5;-6,811402E-5;3,882064E-5;-7,059832E-5
1,879875E1;4,056978E-5;-7,090692E-5;4,035456E-5;-6,974424E-5;3,763866E-5;-6,817996E-5;4,119680E-5;-6,808720E-5;3,884394E-5;-7,057829E-5
1,886541E1;4,073292E-5;-7,095323E-5;4,048015E-5;-6,976864E-5;3,779605E-5;-6,822253E-5;4,135586E-5;-6,812304E-5;3,897041E-5;-7,060146E-5
1,893207E1;4,057387E-5;-7,093288E-5;4,033243E-5;-6,976304E-5;3,763437E-5;-6,821158E-5;4,118850E-5;-6,812999E-5;3,881839E-5;-7,060542E-5
1,899873E1;4,062540E-5;-7,098486E-5;4,034230E-5;-6,980393E-5;3,767718E-5;-6,825704E-5;4,118381E-5;-6,816510E-5;3,882890E-5;-7,064221E-5
1,906540E1;4,062329E-5;-7,099038E-5;4,032994E-5;-6,981493E-5;3,767605E-5;-6,826801E-5;4,115098E-5;-6,817146E-5;3,880901E-5;-7,064817E-5
1,913206E1;4,062936E-5;-7,101401E-5;4,031051E-5;-6,983788E-5;3,767952E-5;-6,829024E-5;4,112910E-5;-6,819780E-5;3,879189E-5;-7,067138E-5
1,919872E1;4,063735E-5;-7,098285E-5;4,030145E-5;-6,980642E-5;3,768699E-5;-6,825698E-5;4,111949E-5;-6,816338E-5;3,878659E-5;-7,063943E-5
1,926538E1;4,066405E-5;-7,096969E-5;4,032137E-5;-6,978237E-5;3,772065E-5;-6,823921E-5;4,114178E-5;-6,813469E-5;3,880949E-5;-7,061682E-5
1,933204E1;4,072904E-5;-7,116031E-5;4,037378E-5;-6,996611E-5;3,778709E-5;-6,842347E-5;4,119476E-5;-6,830363E-5;3,885792E-5;-7,079919E-5
1,939871E1;4,064313E-5;-7,105835E-5;4,028716E-5;-6,987814E-5;3,770457E-5;-6,832651E-5;4,115773E-5;-6,823660E-5;3,877612E-5;-7,071197E-5
1,946537E1;4,048025E-5;-7,098082E-5;4,012934E-5;-6,980354E-5;3,754481E-5;-6,823905E-5;4,098200E-5;-6,815247E-5;3,860738E-5;-7,063010E-5
1,953203E1;4,052526E-5;-7,102609E-5;4,016941E-5;-6,985435E-5;3,760458E-5;-6,829987E-5;4,103302E-5;-6,819229E-5;3,865508E-5;-7,068552E-5
1,959869E1;4,048667E-5;-7,099812E-5;4,012766E-5;-6,982090E-5;3,754736E-5;-6,821545E-5;4,101213E-5;-6,812375E-5;3,861116E-5;-7,064913E-5
1,966536E1;4,048177E-5;-7,095796E-5;4,012347E-5;-6,977497E-5;3,754316E-5;-6,819747E-5;4,098691E-5;-6,809788E-5;3,860929E-5;-7,061020E-5
1,973202E1;4,044260E-5;-7,080681E-5;4,008180E-5;-6,962694E-5;3,750246E-5;-6,805076E-5;4,093382E-5;-6,795624E-5;3,857028E-5;-7,045441E-5
1,979868E1;4,049015E-5;-7,074596E-5;4,012590E-5;-6,955786E-5;3,755154E-5;-6,799829E-5;4,097596E-5;-6,790128E-5;3,861422E-5;-7,038896E-5
1,986534E1;4,047199E-5;-7,075925E-5;4,010778E-5;-6,957192E-5;3,753773E-5;-6,801260E-5;4,095235E-5;-6,791425E-5;3,859657E-5;-7,040081E-5
1,993200E1;4,047637E-5;-7,070824E-5;4,011743E-5;-6,952310E-5;3,754030E-5;-6,796641E-5;4,095155E-5;-6,786374E-5;3,860644E-5;-7,034949E-5
1,999867E1;4,055022E-5;-7,079111E-5;4,018425E-5;-6,960211E-5;3,761470E-5;-6,805292E-5;4,102139E-5;-6,793331E-5;3,867384E-5;-7,042653E-5
2,006533E1;4,064283E-5;-7,084424E-5;4,027217E-5;-6,965563E-5;3,770696E-5;-6,810554E-5;4,115594E-5;-6,799292E-5;3,876550E-5;-7,048164E-5
2,013199E1;4,075995E-5;-7,096507E-5;4,038350E-5;-6,976378E-5;3,782481E-5;-6,821877E-5;4,125802E-5;-6,810433E-5;3,888522E-5;-7,060189E-5
2,019865E1;4,083684E-5;-7,095227E-5;4,046988E-5;-6,975701E-5;3,790539E-5;-6,821273E-5;4,132929E-5;-6,809893E-5;3,896376E-5;-7,059169E-5
2,026532E1;4,085789E-5;-7,088346E-5;4,049437E-5;-6,969503E-5;3,792897E-5;-6,814620E-5;4,135189E-5;-6,803460E-5;3,899271E-5;-7,052391E-5
2,033198E1;4,093875E-5;-7,079739E-5;4,056842E-5;-6,962028E-5;3,801032E-5;-6,806281E-5;4,142993E-5;-6,795491E-5;3,907144E-5;-7,044079E-5
2,039864E1;4,091060E-5;-7,069198E-5;4,055068E-5;-6,951569E-5;3,798509E-5;-6,796479E-5;4,139704E-5;-6,787110E-5;3,904732E-5;-7,035080E-5
2,046530E1;4,064740E-5;-7,076110E-5;4,028277E-5;-6,958042E-5;3,770623E-5;-6,802751E-5;4,112428E-5;-6,792659E-5;3,877729E-5;-7,041461E-5
2,053196E1;4,062506E-5;-7,088089E-5;4,026593E-5;-6,969842E-5;3,768743E-5;-6,814764E-5;4,110507E-5;-6,805140E-5;3,875922E-5;-7,053324E-5
2,059863E1;4,046830E-5;-7,092302E-5;4,010595E-5;-6,972390E-5;3,751312E-5;-6,818628E-5;4,092804E-5;-6,810044E-5;3,858894E-5;-7,057848E-5
2,066529E1;4,043350E-5;-7,093273E-5;4,006877E-5;-6,973796E-5;3,746923E-5;-6,819105E-5;4,087766E-5;-6,811303E-5;3,854519E-5;-7,057905E-5
2,073195E1;4,053076E-5;-7,083069E-5;4,016927E-5;-6,962801E-5;3,757854E-5;-6,805895E-5;4,098634E-5;-6,795894E-5;3,863918E-5;-7,043231E-5
2,079861E1;4,046371E-5;-7,081635E-5;4,009917E-5;-6,961725E-5;3,750592E-5;-6,804413E-5;4,091412E-5;-6,797704E-5;3,856265E-5;-7,043360E-5
2,086528E1;4,042378E-5;-7,063259E-5;4,005913E-5;-6,942934E-5;3,747511E-5;-6,786547E-5;4,088309E-5;-6,778614E-5;3,852802E-5;-7,024743E-5
2,093194E1;4,044011E-5;-7,073278E-5;4,007977E-5;-6,954795E-5;3,750911E-5;-6,798442E-5;4,092166E-5;-6,789743E-5;3,855976E-5;-7,037265E-5
2,099860E1;4,057493E-5;-7,079527E-5;4,020765E-5;-6,959879E-5;3,765607E-5;-6,806049E-5;4,105874E-5;-6,795628E-5;3,869850E-5;-7,044913E-5
2,106526E1;4,058868E-5;-7,081749E-5;4,022522E-5;-6,962662E-5;3,765868E-5;-6,807844E-5;4,106334E-5;-6,798179E-5;3,871058E-5;-7,046422E-5
2,113192E1;4,068093E-5;-7,079523E-5;4,030555E-5;-6,960114E-5;3,775346E-5;-6,806084E-5;4,115349E-5;-6,795437E-5;3,879880E-5;-7,044406E-5
2,119859E1;4,070555E-5;-7,066493E-5;4,033085E-5;-6,947944E-5;3,776592E-5;-6,791960E-5;4,117846E-5;-6,782914E-5;3,881935E-5;-7,029821E-5
2,126525E1;4,071793E-5;-7,059303E-5;4,034332E-5;-6,939983E-5;3,778404E-5;-6,784585E-5;4,120121E-5;-6,774330E-5;3,883599E-5;-7,021680E-5
2,133191E1;4,077815E-5;-7,065926E-5;4,040000E-5;-6,947115E-5;3,784578E-5;-6,792595E-5;4,130103E-5;-6,780913E-5;3,889476E-5;-7,030701E-5
2,139857E1;4,080796E-5;-7,072646E-5;4,043295E-5;-6,953449E-5;3,787840E-5;-6,798938E-5;4,131494E-5;-6,788747E-5;3,892608E-5;-7,037122E-5
2,146524E1;4,081551E-5;-7,071171E-5;4,044173E-5;-6,952630E-5;3,789228E-5;-6,797915E-5;4,131059E-5;-6,787269E-5;3,893415E-5;-7,036318E-5
2,153190E1;4,064923E-5;-7,066584E-5;4,028174E-5;-6,949812E-5;3,770335E-5;-6,795190E-5;4,111893E-5;-6,785122E-5;3,876070E-5;-7,032246E-5
2,159856E1;4,071457E-5;-7,070990E-5;4,033397E-5;-6,957038E-5;3,777407E-5;-6,800213E-5;4,118534E-5;-6,789263E-5;3,883004E-5;-7,036658E-5
2,166522E1;4,069333E-5;-7,071314E-5;4,031668E-5;-6,955875E-5;3,776028E-5;-6,799730E-5;4,116582E-5;-6,788945E-5;3,881308E-5;-7,036885E-5
2,173188E1;4,060191E-5;-7,071417E-5;4,023842E-5;-6,955023E-5;3,766248E-5;-6,799152E-5;4,107137E-5;-6,789096E-5;3,873130E-5;-7,036986E-5
2,179855E1;4,062671E-5;-7,079080E-5;4,024481E-5;-6,961507E-5;3,767772E-5;-6,807294E-5;4,107499E-5;-6,797074E-5;3,874136E-5;-7,044925E-5
2,186521E1;4,057751E-5;-7,079902E-5;4,020786E-5;-6,962822E-5;3,761952E-5;-6,807714E-5;4,101058E-5;-6,797484E-5;3,869225E-5;-7,046506E-5
2,193187E1;4,062918E-5;-7,073850E-5;4,026049E-5;-6,956036E-5;3,764165E-5;-6,801913E-5;4,103833E-5;-6,791975E-5;3,875523E-5;-7,039683E-5
2,199853E1;4,064312E-5;-7,076980E-5;4,026663E-5;-6,958218E-5;3,766178E-5;-6,804792E-5;4,105573E-5;-6,794776E-5;3,876127E-5;-7,042603E-5
2,206520E1;4,072271E-5;-7,081406E-5;4,033644E-5;-6,961508E-5;3,775907E-5;-6,807968E-5;4,114893E-5;-6,798172E-5;3,883691E-5;-7,047004E-5
2,213186E1;4,062498E-5;-7,081046E-5;4,024172E-5;-6,962145E-5;3,765468E-5;-6,808220E-5;4,104228E-5;-6,798520E-5;3,873459E-5;-7,046640E-5
2,219852E1;4,057776E-5;-7,078855E-5;4,020375E-5;-6,960440E-5;3,762058E-5;-6,806916E-5;4,101431E-5;-6,796126E-5;3,869181E-5;-7,043194E-5
2,226518E1;4,062103E-5;-7,073074E-5;4,025902E-5;-6,954916E-5;3,763205E-5;-6,800709E-5;4,103360E-5;-6,788980E-5;3,874130E-5;-7,036201E-5
2,233184E1;4,060774E-5;-7,073718E-5;4,025287E-5;-6,955330E-5;3,757416E-5;-6,800593E-5;4,103375E-5;-6,790103E-5;3,872910E-5;-7,037069E-5
2,239851E1;4,058612E-5;-7,072462E-5;4,022596E-5;-6,953706E-5;3,753302E-5;-6,799422E-5;4,101357E-5;-6,788784E-5;3,871039E-5;-7,035742E-5
2,246517E1;4,073439E-5;-7,088026E-5;4,038738E-5;-6,968863E-5;3,768467E-5;-6,813285E-5;4,114148E-5;-6,802952E-5;3,885412E-5;-7,050489E-5
2,253183E1;4,068842E-5;-7,081852E-5;4,037025E-5;-6,962493E-5;3,764900E-5;-6,807883E-5;4,110426E-5;-6,793510E-5;3,879146E-5;-7,040295E-5
2,259849E1;4,068644E-5;-7,087506E-5;4,036345E-5;-6,968260E-5;3,769223E-5;-6,813520E-5;4,112041E-5;-6,800324E-5;3,880035E-5;-7,047993E-5
2,266516E1;4,087542E-5;-7,102054E-5;4,052760E-5;-6,983842E-5;3,789064E-5;-6,828844E-5;4,132307E-5;-6,811174E-5;3,898430E-5;-7,059632E-5
2,273182E1;4,092339E-5;-7,097864E-5;4,058234E-5;-6,974669E-5;3,795988E-5;-6,819084E-5;4,138799E-5;-6,805593E-5;3,903127E-5;-7,052194E-5
2,279848E1;4,082260E-5;-7,097668E-5;4,046684E-5;-6,974881E-5;3,782269E-5;-6,818837E-5;4,128595E-5;-6,806707E-5;3,890091E-5;-7,053510E-5
2,286514E1;4,075257E-5;-7,092368E-5;4,040203E-5;-6,971786E-5;3,777586E-5;-6,816352E-5;4,122507E-5;-6,805256E-5;3,885371E-5;-7,051482E-5
2,293180E1;4,078918E-5;-7,084430E-5;4,043640E-5;-6,964198E-5;3,777100E-5;-6,807931E-5;4,124600E-5;-6,796835E-5;3,883465E-5;-7,043243E-5
2,299847E1;4,079478E-5;-7,087854E-5;4,044194E-5;-6,968132E-5;3,775477E-5;-6,812285E-5;4,126009E-5;-6,801133E-5;3,881941E-5;-7,047938E-5
2,306513E1;4,078319E-5;-7,095325E-5;4,042990E-5;-6,975851E-5;3,773885E-5;-6,816791E-5;4,126838E-5;-6,806232E-5;3,880763E-5;-7,054419E-5
2,313179E1;4,074933E-5;-7,096346E-5;4,039269E-5;-6,977000E-5;3,769101E-5;-6,819906E-5;4,121899E-5;-6,809316E-5;3,875417E-5;-7,057210E-5
2,319845E1;4,081737E-5;-7,093864E-5;4,046068E-5;-6,975053E-5;3,776012E-5;-6,818068E-5;4,130199E-5;-6,807626E-5;3,881840E-5;-7,055856E-5
2,326512E1;4,086338E-5;-7,093794E-5;4,050678E-5;-6,975503E-5;3,779671E-5;-6,818375E-5;4,134889E-5;-6,807676E-5;3,886044E-5;-7,055728E-5
2,333178E1;4,086081E-5;-7,093170E-5;4,049930E-5;-6,974475E-5;3,779265E-5;-6,817783E-5;4,135157E-5;-6,806983E-5;3,886108E-5;-7,055034E-5
2,339844E1;4,081151E-5;-7,086457E-5;4,045262E-5;-6,968269E-5;3,771300E-5;-6,812045E-5;4,125975E-5;-6,801160E-5;3,876279E-5;-7,048936E-5
2,346510E1;4,092226E-5;-7,092438E-5;4,055882E-5;-6,973903E-5;3,786861E-5;-6,814560E-5;4,143032E-5;-6,805011E-5;3,893131E-5;-7,053367E-5
2,353176E1;4,095432E-5;-7,091915E-5;4,059024E-5;-6,973218E-5;3,787825E-5;-6,815827E-5;4,144106E-5;-6,805896E-5;3,893936E-5;-7,054035E-5
2,359843E1;4,086433E-5;-7,092249E-5;4,050063E-5;-6,973527E-5;3,778504E-5;-6,816338E-5;4,134296E-5;-6,806528E-5;3,883651E-5;-7,054725E-5
2,366509E1;4,087109E-5;-7,094672E-5;4,050391E-5;-6,975991E-5;3,778380E-5;-6,819819E-5;4,134056E-5;-6,810033E-5;3,883669E-5;-7,058352E-5
2,373175E1;4,099129E-5;-7,094263E-5;4,062416E-5;-6,975685E-5;3,790805E-5;-6,820189E-5;4,146387E-5;-6,810467E-5;3,895810E-5;-7,058732E-5
2,379841E1;4,099650E-5;-7,089609E-5;4,062888E-5;-6,970840E-5;3,791423E-5;-6,815431E-5;4,147748E-5;-6,805690E-5;3,897471E-5;-7,053789E-5
2,386508E1;4,092443E-5;-7,092921E-5;4,055909E-5;-6,974370E-5;3,784691E-5;-6,819206E-5;4,141191E-5;-6,809375E-5;3,890997E-5;-7,057770E-5
2,393174E1;4,094407E-5;-7,094501E-5;4,057942E-5;-6,975587E-5;3,784868E-5;-6,821125E-5;4,140702E-5;-6,811365E-5;3,890908E-5;-7,059841E-5
2,399840E1;4,100646E-5;-7,097230E-5;4,063291E-5;-6,978390E-5;3,791327E-5;-6,823350E-5;4,146446E-5;-6,813185E-5;3,896903E-5;-7,061968E-5
2,406506E1;4,094563E-5;-7,099557E-5;4,057613E-5;-6,980937E-5;3,785455E-5;-6,826009E-5;4,140755E-5;-6,816470E-5;3,891122E-5;-7,064791E-5
2,413172E1;4,086636E-5;-7,091332E-5;4,050821E-5;-6,972312E-5;3,776767E-5;-6,818021E-5;4,132677E-5;-6,808102E-5;3,883205E-5;-7,056483E-5
2,419839E1;4,089216E-5;-7,089286E-5;4,052812E-5;-6,970700E-5;3,780076E-5;-6,816369E-5;4,136014E-5;-6,806729E-5;3,886133E-5;-7,054623E-5
2,426505E1;4,087872E-5;-7,086696E-5;4,051925E-5;-6,968280E-5;3,778515E-5;-6,814130E-5;4,135049E-5;-6,803508E-5;3,885469E-5;-7,051567E-5
2,433171E1;4,088000E-5;-7,094512E-5;4,051344E-5;-6,975648E-5;3,778753E-5;-6,821604E-5;4,134541E-5;-6,811349E-5;3,884569E-5;-7,059450E-5
2,439837E1;4,081445E-5;-7,098645E-5;4,044338E-5;-6,979822E-5;3,771213E-5;-6,826013E-5;4,125994E-5;-6,816132E-5;3,876404E-5;-7,064772E-5
2,446504E1;4,086348E-5;-7,095649E-5;4,049796E-5;-6,976700E-5;3,777137E-5;-6,823473E-5;4,132379E-5;-6,813375E-5;3,882274E-5;-7,061776E-5
2,453170E1;4,082396E-5;-7,101462E-5;4,045070E-5;-6,982844E-5;3,773148E-5;-6,828680E-5;4,128248E-5;-6,818865E-5;3,878026E-5;-7,067231E-5
2,459836E1;4,079455E-5;-7,096465E-5;4,042937E-5;-6,978384E-5;3,770562E-5;-6,823803E-5;4,125719E-5;-6,814300E-5;3,875292E-5;-7,062513E-5
2,466502E1;4,079869E-5;-7,095264E-5;4,043627E-5;-6,977133E-5;3,771118E-5;-6,822670E-5;4,126509E-5;-6,812917E-5;3,876231E-5;-7,060989E-5
2,473168E1;4,082655E-5;-7,098341E-5;4,045359E-5;-6,980034E-5;3,773892E-5;-6,825852E-5;4,128915E-5;-6,816267E-5;3,878248E-5;-7,064590E-5
2,479835E1;4,092848E-5;-7,092308E-5;4,056641E-5;-6,973561E-5;3,783879E-5;-6,818976E-5;4,140382E-5;-6,809362E-5;3,890176E-5;-7,057725E-5
2,486501E1;4,096683E-5;-7,095337E-5;4,060177E-5;-6,976407E-5;3,787142E-5;-6,821673E-5;4,143467E-5;-6,811388E-5;3,893945E-5;-7,059758E-5
2,493167E1;4,089887E-5;-7,086553E-5;4,053785E-5;-6,967652E-5;3,780165E-5;-6,813062E-5;4,133678E-5;-6,801669E-5;3,888081E-5;-7,053562E-5
2,499833E1;4,086241E-5;-7,085825E-5;4,049807E-5;-6,967167E-5;3,775765E-5;-6,813261E-5;4,130041E-5;-6,796672E-5;3,888277E-5;-7,053267E-5
2,506500E1;4,079795E-5;-7,092485E-5;4,043112E-5;-6,974148E-5;3,768812E-5;-6,820652E-5;4,123729E-5;-6,802505E-5;3,883412E-5;-7,057695E-5
2,513166E1;4,085620E-5;-7,094334E-5;4,049524E-5;-6,976008E-5;3,774405E-5;-6,821973E-5;4,130334E-5;-6,801104E-5;3,887074E-5;-7,061402E-5
2,519832E1;4,082071E-5;-7,088560E-5;4,046248E-5;-6,970465E-5;3,772217E-5;-6,816304E-5;4,127989E-5;-6,793328E-5;3,887642E-5;-7,055650E-5
2,526498E1;4,083705E-5;-7,094435E-5;4,048095E-5;-6,976409E-5;3,773871E-5;-6,821696E-5;4,129576E-5;-6,798238E-5;3,891806E-5;-7,061059E-5
2,533164E1;4,078979E-5;-7,087439E-5;4,043241E-5;-6,969043E-5;3,769027E-5;-6,814794E-5;4,125015E-5;-6,790712E-5;3,887619E-5;-7,053000E-5
2,539831E1;4,082374E-5;-7,085296E-5;4,046212E-5;-6,966989E-5;3,769118E-5;-6,812469E-5;4,128294E-5;-6,788100E-5;3,892723E-5;-7,050854E-5
2,546497E1;4,082373E-5;-7,072327E-5;4,045955E-5;-6,953736E-5;3,770657E-5;-6,793099E-5;4,128260E-5;-6,774296E-5;3,892280E-5;-7,036562E-5
2,553163E1;4,081555E-5;-7,073775E-5;4,044821E-5;-6,954944E-5;3,769951E-5;-6,791538E-5;4,126936E-5;-6,775530E-5;3,891246E-5;-7,038061E-5
2,559829E1;4,081981E-5;-7,088368E-5;4,045255E-5;-6,969772E-5;3,770491E-5;-6,804154E-5;4,127334E-5;-6,790632E-5;3,892210E-5;-7,053328E-5
2,566496E1;4,082050E-5;-7,099081E-5;4,046143E-5;-6,980771E-5;3,772754E-5;-6,814943E-5;4,127952E-5;-6,801850E-5;3,893521E-5;-7,065318E-5
2,573162E1;4,080506E-5;-7,099433E-5;4,044639E-5;-6,981235E-5;3,771370E-5;-6,819371E-5;4,126277E-5;-6,801933E-5;3,892337E-5;-7,066190E-5
2,579828E1;4,092136E-5;-7,095080E-5;4,055893E-5;-6,976616E-5;3,783030E-5;-6,817300E-5;4,138591E-5;-6,797154E-5;3,903789E-5;-7,061465E-5
2,586494E1;4,099212E-5;-7,098914E-5;4,063182E-5;-6,980677E-5;3,790841E-5;-6,822930E-5;4,145456E-5;-6,801052E-5;3,911642E-5;-7,066512E-5
2,593160E1;4,106541E-5;-7,096695E-5;4,071181E-5;-6,978188E-5;3,798716E-5;-6,822993E-5;4,153706E-5;-6,800431E-5;3,919694E-5;-7,063933E-5
2,599827E1;4,104043E-5;-7,095518E-5;4,067801E-5;-6,976920E-5;3,799923E-5;-6,822149E-5;4,155568E-5;-6,798200E-5;3,916376E-5;-7,062389E-5
2,606493E1;4,101389E-5;-7,099760E-5;4,064761E-5;-6,980758E-5;3,801126E-5;-6,826957E-5;4,156516E-5;-6,802613E-5;3,913503E-5;-7,067635E-5
2,613159E1;4,084400E-5;-7,100122E-5;4,048002E-5;-6,981649E-5;3,783475E-5;-6,826894E-5;4,139491E-5;-6,802125E-5;3,896386E-5;-7,067217E-5
2,619825E1;4,074951E-5;-7,092738E-5;4,038488E-5;-6,974104E-5;3,775536E-5;-6,819156E-5;4,131963E-5;-6,794227E-5;3,886791E-5;-7,058369E-5
2,626492E1;4,076636E-5;-7,100304E-5;4,039859E-5;-6,981775E-5;3,773416E-5;-6,827294E-5;4,129418E-5;-6,802098E-5;3,888921E-5;-7,066245E-5
2,633158E1;4,080719E-5;-7,095653E-5;4,044416E-5;-6,976971E-5;3,774993E-5;-6,822908E-5;4,130858E-5;-6,797191E-5;3,893113E-5;-7,060857E-5
2,639824E1;4,083178E-5;-7,094108E-5;4,047425E-5;-6,975643E-5;3,775711E-5;-6,821589E-5;4,131799E-5;-6,795747E-5;3,895600E-5;-7,059233E-5
2,646490E1;4,084163E-5;-7,088231E-5;4,049542E-5;-6,969723E-5;3,776557E-5;-6,814905E-5;4,132151E-5;-6,789370E-5;3,896758E-5;-7,052923E-5
2,653156E1;4,088478E-5;-7,084331E-5;4,052849E-5;-6,965743E-5;3,780963E-5;-6,811332E-5;4,136598E-5;-6,785781E-5;3,900716E-5;-7,049571E-5
2,659823E1;4,096931E-5;-7,081138E-5;4,060762E-5;-6,962737E-5;3,794164E-5;-6,808143E-5;4,149851E-5;-6,782215E-5;3,909612E-5;-7,046599E-5
2,666489E1;;;4,055009E-5;-6,960745E-5;3,785722E-5;-6,805956E-5;4,141461E-5;-6,780172E-5;3,902855E-5;-7,043789E-5
